1000 0 0 0
620 351
504 176
3 797
478 532
974 619
814 338
47 345
408 473
939 109
562 122
147 697
533 95
462 974
782 161
497 523
438 882
307 133
985 197
979 37
621 329
49 103
345 510
110 527
957 134
50 104
441 483
728 576
804 306
338 507
93 968
296 510
670 836
790 901
529 488
843 535
935 618
731 968
214 67
509 101
861 552
366 201
993 479
772 331
176 77
598 178
236 845
523 938
760 622
29 552
773 561
215 413
67 664
108 58
527 913
894 972
819 829
749 239
696 84
274 849
42 728
783 88
714 632
466 152
13 850
526 697
541 331
793 632
448 777
350 965
861 277
833 969
472 847
743 29
804 8
123 284
877 752
658 973
553 691
271 75
387 744
55 5
900 1000
888 388
838 796
180 796
931 844
861 254
161 288
469 175
654 715
984 361
377 586
837 836
821 190
645 113
735 681
428 115
456 1000
4 956
3 911
481 535
907 872
446 434
487 960
140 736
577 359
498 215
845 30
541 442
510 46
893 601
97 136
104 32
878 292
745 177
26 606
84 59
204 649
786 739
212 244
799 678
443 751
975 117
94 597
973 422
714 985
960 223
214 24
526 376
944 889
795 909
265 600
997 406
931 726
37 858
706 199
372 848
587 507
394 341
632 658
380 443
362 654
895 888
289 175
579 917
64 322
762 215
922 124
609 796
367 216
306 120
691 47
657 957
163 952
782 435
144 709
266 555
590 121
794 302
625 115
306 627
423 474
368 724
612 181
991 586
52 338
49 449
443 754
563 670
294 774
834 230
61 14
415 246
152 281
571 530
10 197
412 622
304 680
266 159
112 775
664 434
609 763
231 960
516 571
535 32
614 96
241 488
8 286
94 289
613 625
532 142
792 596
761 379
416 461
480 891
982 55
691 400
954 630
630 835
389 629
774 928
669 646
927 798
23 916
836 530
573 565
291 587
190 275
612 413
39 371
10 573
52 161
758 961
515 336
274 884
753 244
247 378
398 955
696 469
910 578
719 452
526 323
235 668
662 512
983 418
596 912
577 633
614 63
851 793
982 575
974 454
970 75
351 183
627 612
756 497
338 100
904 511
412 723
633 691
672 619
371 133
488 718
623 497
411 354
813 105
673 848
639 743
377 706
762 813
912 492
267 691
919 388
571 199
790 386
871 985
69 446
880 545
589 369
610 163
86 535
447 514
941 820
832 733
681 192
208 497
899 759
69 338
382 569
588 903
579 854
662 443
59 675
154 418
129 739
880 558
131 25
223 782
10 409
15 115
524 221
366 952
568 529
406 121
325 133
587 807
275 312
818 331
905 299
536 87
643 70
952 905
864 792
143 241
22 625
60 508
842 809
145 323
773 566
455 894
721 110
68 713
443 776
997 130
603 499
480 923
298 537
143 663
955 398
89 134
478 95
859 281
838 258
112 532
381 162
119 391
629 84
412 415
75 501
445 677
117 732
472 551
167 998
606 402
539 312
895 913
209 177
54 419
308 564
971 499
808 621
356 640
84 941
38 187
260 788
44 755
698 233
535 584
81 148
185 614
73 144
855 674
551 708
977 291
161 522
662 953
354 837
532 20
11 434
441 167
435 761
714 182
424 114
744 204
874 808
373 297
383 198
203 87
730 656
95 145
334 427
821 774
421 840
975 194
897 540
961 970
87 671
759 575
940 358
802 653
400 493
376 810
573 155
11 568
76 926
939 169
573 420
16 274
792 873
992 260
734 639
420 363
814 519
399 160
93 462
908 940
589 28
171 418
601 231
456 959
838 732
700 502
172 871
887 508
681 260
535 960
704 881
53 282
905 233
138 506
659 766
788 93
36 229
214 873
635 674
24 749
337 980
201 827
515 986
991 686
720 717
594 986
602 618
768 650
892 945
659 743
703 929
818 916
311 145
273 298
2 558
481 821
776 626
892 163
297 103
141 264
455 311
510 247
253 176
965 153
938 953
358 378
917 750
810 624
798 12
96 643
548 623
917 197
4 87
733 525
962 119
435 453
198 626
465 481
122 636
310 278
274 212
795 472
849 592
214 755
912 648
181 578
287 825
433 650
219 690
971 554
296 910
925 852
992 613
620 741
332 832
468 235
680 792
175 885
61 863
553 571
637 830
854 499
75 389
793 525
955 178
700 217
974 191
116 17
772 93
421 244
913 855
619 408
724 281
709 796
746 40
228 114
821 479
13 46
162 434
787 77
981 882
499 55
270 232
342 486
858 402
760 770
707 498
92 985
766 175
414 218
306 684
22 925
710 890
880 547
477 422
524 125
617 173
69 484
230 438
354 882
220 473
830 582
178 656
614 778
181 136
772 986
135 514
625 149
228 104
481 284
233 448
745 888
223 928
422 320
412 535
770 14
229 679
196 502
98 753
371 619
63 274
727 403
433 450
475 712
385 409
810 64
443 536
397 240
928 693
711 170
866 718
794 470
670 663
953 233
999 200
484 20
510 158
360 213
111 183
449 816
202 679
415 823
770 871
449 407
505 753
517 956
427 159
696 958
525 402
310 477
146 900
974 557
11 855
113 494
692 170
791 292
820 993
567 584
759 754
421 875
656 778
116 239
708 788
739 138
203 243
532 153
53 484
597 319
204 882
319 454
506 280
868 144
865 484
420 771
736 333
265 339
466 329
929 239
699 42
102 726
498 546
443 647
966 242
539 700
590 665
202 440
920 540
289 179
236 24
434 683
865 461
509 448
222 763
902 379
423 524
589 822
646 273
665 286
174 463
682 604
961 959
10 620
693 241
671 631
239 708
421 456
710 330
471 951
956 471
834 365
207 761
355 367
88 926
262 813
220 816
908 170
471 169
606 888
837 146
167 846
198 913
772 282
46 556
549 353
456 274
180 901
555 698
667 839
87 35
475 31
716 206
352 189
433 937
458 212
388 413
412 590
696 120
391 567
170 419
247 559
196 822
718 818
707 134
241 335
76 905
785 319
311 579
293 116
911 840
933 562
780 240
943 792
85 352
660 440
132 958
382 724
487 368
775 426
807 458
55 594
504 457
856 127
463 690
334 805
968 268
655 631
734 366
26 688
338 137
850 806
667 721
186 646
456 241
361 269
621 345
114 657
718 772
347 865
243 887
70 587
311 533
681 481
739 602
300 905
400 992
703 764
201 374
857 184
578 769
814 488
457 708
201 639
440 655
636 221
662 359
572 731
274 888
998 165
221 882
12 888
212 159
745 622
506 865
577 251
5 354
822 613
619 891
697 173
609 60
788 62
548 867
154 190
616 364
950 389
322 533
299 778
181 148
433 220
471 512
656 823
965 904
708 833
435 409
94 116
91 376
797 947
878 606
686 27
506 963
603 752
156 212
529 723
76 368
178 236
678 702
305 48
492 957
706 886
482 238
685 863
963 133
838 547
537 290
314 132
853 1
132 241
808 524
645 646
870 90
389 577
611 360
481 659
979 527
84 880
557 160
992 88
306 398
958 998
126 467
95 71
924 447
743 372
353 595
155 122
357 336
785 145
311 634
388 854
176 446
899 246
963 676
675 767
983 654
80 328
174 521
37 632
602 410
827 528
554 598
462 106
383 716
162 668
66 780
36 937
960 239
509 74
326 218
673 819
544 934
377 39
538 896
892 750
397 399
551 457
583 638
477 391
657 358
550 232
611 62
808 756
455 80
351 517
710 715
590 533
125 699
958 291
393 370
524 853
813 318
646 815
387 475
586 684
968 457
335 693
451 87
371 732
969 687
948 664
309 3
228 832
372 59
934 994
418 849
779 562
671 620
282 21
825 269
743 87
639 524
336 486
419 929
825 534
294 260
527 611
575 130
861 636
774 339
570 689
839 734
568 994
319 289
455 70
649 164
206 906
69 263
992 274
919 61
687 986
729 574
711 31
723 271
581 187
816 53
176 367
101 187
559 922
428 173
385 211
970 147
349 703
410 304
487 753
599 994
926 306
583 232
111 502
729 960
751 719
42 30
593 956
73 246
468 138
756 919
502 508
174 334
17 616
446 613
95 535
574 798
785 344
512 823
264 492
627 252
184 91
832 275
263 649
140 398
358 886
545 712
911 806
947 234
964 552
203 719
915 696
811 193
659 590
646 13
224 778
646 507
720 456
936 346
563 738
529 745
277 115
614 969
101 972
785 213
67 162
891 194
548 349
848 498
898 764
877 790
512 957
842 832
594 581
242 50
659 747
183 638
588 278
805 801
345 142
277 910
793 683
124 179
231 799
320 90
95 237
683 672
791 205
326 142
1 988
631 109
78 799
835 24
851 377
30 493
31 229
131 316
386 951
235 373
31 723
319 223
709 149
675 7
487 481
756 526
218 176
767 355
115 429
169 549
302 584
934 388
423 172
144 757
328 349
211 667
879 946
268 563
184 12
709 571
198 849
279 923
214 448
431 562
305 194
914 387
934 365
141 500
724 900
373 68
80 569
833 843
775 493
771 114
565 125
826 395
242 380
12 183
695 96
233 825
523 249
643 580
88 178
782 509
154 797
873 484
345 99
700 296
393 670
30 581
118 56
666 419
327 724
843 88
457 281
645 252
478 978
710 318
66 167
941 659
927 352
518 678
840 549
795 397
172 943
414 971
101 245
900 864
16 143
838 480
644 120
516 200
923 475
453 409
324 524
594 119
548 826
729 200
147 747
170 322
404 934
363 228
835 861
717 985
140 744
298 98
930 720
955 813
939 280
426 549
930 82
966 413
782 970
42 968
87 710
74 511
159 735
46 449
251 818
7 457
47 264
53 573
558 825
832 948
43 379
64 173
431 375
1 382
360 580
68 817
754 656
249 749
871 912
732 488
695 161
252 903
956 727
832 840
437 805
10 323
49 22
898 642
516 311
355 214
762 223
365 407
581 68
304 168
701 887
70 755
455 831
83 56
828 927
860 242
27 533
58 786
107 4
771 807
842 867
242 85
933 985
51 108
356 564
623 270
136 597
103 420
507 95
29 736
460 285
309 790
549 851
77 367
61 539
882 242
808 64
650 530
536 508
3 719
980 930
822 493
422 114
300 942
632 332
611 309
480 729
32 602
198 485
354 244
10 434
714 407
483 245
887 69
66 222
475 915
809 760
408 107
852 758
430 620
262 398
485 147
448 408
856 239
108 196
555 885
114 10
666 752
710 121
440 260
637 316
862 663
350 897
686 666
207 997
632 466
55 454
445 231
592 250
585 885
881 389
995 145
703 611
918 536
511 32
818 369
20 209
514 452
871 869
640 182
404 171
79 789
822 604
144 360
83 121
400 731
485 955
680 785
107 69
520 238
316 508
283 331
647 873
13 327
466 532
793 289
494 630
99 366
532 742
895 565
694 395
387 244
39 729
833 181
580 1
850 679
736 922
578 485
539 85
139 523
301 442
193 908
164 881
57 755
526 825
481 408
940 959
658 715
70 136
616 718
873 231
319 611
807 694
939 999
824 639
591 437
766 289
310 9
20 176
800 547
269 731
770 933
918 768
162 525
669 850
29 935
666 961
196 783
82 761
681 452
802 184
380 869
131 802
675 408
954 726
613 662
852 715
653 240
600 234
922 105
913 959
672 604
319 71
291 238
648 884
299 916
934 344
572 28
284 644
233 153
90 104
148 603
858 470
490 568
281 574
719 162
939 580
608 331
496 10
624 833
303 598
959 674
205 63
171 973
73 401
109 95
131 671
437 189
184 534
521 39
281 466
188 653
693 905
52 234
233 166
190 433
500 775
104 137
805 593
931 589
335 298
993 155
569 236
173 910
918 506
358 403
305 19
667 600
28 793
721 491
110 337
160 683
239 976
600 201
87 699
456 565
964 334
89 250
817 171
764 16
525 408
957 968
533 906
948 102
809 432
988 812
719 538
663 872
301 785
699 300
840 950
650 35
815 102
529 648
778 449
859 145
400 125
191 131
217 269
394 868
824 681
389 381
295 188
372 328
994 491
770 746
266 575
645 77
376 792
606 351
686 194
241 338
8 810
243 298
393 508
196 717
452 148
452 822
958 514
317 863
389 888
625 341
694 849
382 354
684 247
969 7
932 497
805 164
487 492
832 1
938 19
766 321
667 724
899 27
709 52
500 58
650 640
970 501
226 349
773 747
351 609
918 836
897 633
385 601
295 973
153 215
12 96
727 487
948 455
803 625
906 458
412 740
564 465
136 167
429 11
399 397
606 318
869 957
137 922
802 638
629 301
828 775
572 181
791 219
15 901
949 18
598 318
792 220
472 624
459 276
631 388
880 189
922 680
3 410
127 296
268 829
731 447
841 727
6 191
147 130
131 451
233 90
718 513
632 998
943 631
755 22
356 425
998 832
827 276
988 867
512 529
880 696
877 807
437 355
537 64
770 415
257 424
404 294
502 191
852 606
594 948
561 542
972 262
773 956
873 894
722 87
932 863
818 698
901 732
928 191
128 516
880 300
950 624
768 733
368 125
887 424
390 143
630 619
764 470
534 422
179 45
97 155
44 265
669 237
629 775
86 905
867 338
109 251
410 242
99 466
830 685
879 806
845 435
264 44
515 300
258 495
204 524
250 491
674 818
478 992
587 261
310 132
889 74
401 665
671 260
601 461
901 722
864 920
905 463
667 900
160 309
316 297
361 448
713 787
140 71
683 90
837 148
882 70
353 480
291 505
564 520
559 850
633 799
200 243
74 921
901 470
878 566
27 580
855 848
278 836
815 137
505 326
679 213
172 525
35 785
802 320
197 618
703 161
280 244
447 92
739 529
569 346
437 47
573 316
379 222
788 241
96 428
356 238
48 122
486 613
326 332
267 17
209 570
164 153
393 507
533 401
77 41
839 364
559 575
542 751
375 494
712 753
973 156
632 909
282 122
202 687
124 359
480 897
361 42
773 252
847 955
996 180
965 458
413 619
551 669
243 287
597 785
418 325
254 711
933 325
844 662
688 823
155 180
103 398
173 722
353 689
135 875
669 400
791 542
459 972
22 180
256 118
907 79
512 718
499 635
99 256
488 217
23 117
869 848
465 907
330 45
836 405
635 272
909 246
187 899
457 494
466 988
157 876
557 846
757 642
859 510
806 275
588 690
186 301
329 695
199 994
200 730
779 257
767 957
703 527
811 209
943 365
897 105
573 44
482 829
473 860
985 483
193 317
176 759
987 672
182 424
94 805
384 644
970 359
106 779
27 635
992 643
845 444
123 868
359 587
711 135
219 576
212 308
45 805
16 598
933 678
531 555
694 841
379 686
747 444
189 296
973 607
449 601
850 945
261 550
434 478
674 575
840 873
394 791
19 356
450 988
790 382
660 160
325 584
313 430
830 311
193 248
824 905
673 327
503 590
893 367
526 839
925 319
942 79
62 66
168 47
471 759
116 302
490 363
948 195
641 761
843 487
272 406
245 452
135 809
203 535
714 751
789 287
519 920
568 175
459 268
121 767
991 12
107 603
810 202
954 704
204 392
194 607
458 308
410 905
14 267
937 507
539 763
261 144
37 107
40 670
848 435
851 998
689 936
66 579
668 504
882 576
6 533
84 718
143 538
586 470
15 618
670 140
68 709
595 146
115 412
155 634
818 569
961 60
217 725
582 292
408 405
956 390
328 970
53 851
443 628
563 315
338 871
996 840
466 611
898 305
333 118
184 404
182 623
535 73
877 102
355 780
844 828
403 182
20 975
990 244
172 923
560 22
554 207
786 184
121 96
613 787
625 123
346 708
244 431
855 850
358 947
708 422
128 750
488 10
852 781
270 425
32 553
325 626
863 301
787 162
125 982
318 214
183 169
407 551
592 862
683 226
177 354
548 675
18 217
492 631
999 956
71 229
626 222
264 98
158 462
643 131
329 609
541 937
688 53
543 983
435 855
299 851
206 394
814 659
924 265
695 442
546 499
167 817
568 374
224 155
270 945
703 683
187 538
40 339
398 950
657 307
375 329
196 852
33 71
741 386
870 42
753 131
843 699
426 676
745 276
459 444
291 222
630 820
597 414
364 26
169 116
994 50
97 585
672 938
419 492
418 533
127 91
412 489
478 663
713 337
599 315
580 73
48 212
789 561
842 716
317 602
133 930
656 562
996 401
2 217
808 201
443 454
957 409
634 21
301 635
550 436
536 501
502 359
233 500
