500 0 0 0
132 268
476 78
247 26
343 488
379 145
35 335
338 144
431 335
150 93
155 437
488 88
185 279
493 432
144 278
430 83
201 31
294 222
335 223
242 32
385 340
333 150
338 494
104 98
145 99
109 442
236 217
444 166
48 166
442 93
483 94
447 437
488 438
139 284
254 42
259 386
345 160
386 161
162 453
157 109
201 381
196 37
289 228
60 176
13 330
151 294
63 447
495 104
104 448
500 448
398 171
442 443
213 391
249 48
254 392
340 166
460 268
116 458
157 459
243 233
363 335
55 182
454 453
490 110
495 454
266 402
302 59
305 330
169 469
117 279
208 397
20 346
15 2
106 120
455 274
111 464
256 64
261 408
164 475
71 284
198 59
411 352
318 161
406 8
409 279
221 228
312 346
307 2
124 295
163 223
22 18
27 362
25 289
462 290
118 480
66 290
272 166
313 167
84 115
268 424
216 234
78 300
463 111
119 301
325 177
366 178
416 295
228 244
176 54
319 362
267 172
131 311
79 121
170 239
376 115
73 306
417 116
469 306
188 64
279 182
320 183
96 475
91 131
182 249
223 250
130 59
314 368
434 470
126 317
38 470
33 126
85 316
468 54
429 126
332 193
280 3
373 194
423 311
376 465
235 260
183 70
188 414
274 188
482 137
91 481
86 137
50 480
485 408
177 255
388 475
80 322
429 476
200 424
327 199
234 8
103 491
142 419
4 485
482 487
45 486
40 142
441 486
389 296
477 143
383 481
378 137
190 86
195 430
281 204
229 14
57 496
93 153
492 424
132 81
431 148
436 492
343 301
155 250
246 368
282 25
241 24
58 317
493 245
185 92
149 435
396 312
47 158
294 35
335 36
247 189
390 497
385 153
202 446
109 255
197 102
236 30
12 322
139 97
259 199
350 317
162 266
253 384
201 194
289 41
65 333
13 143
63 260
151 107
156 451
104 261
500 261
351 138
7 328
494 446
306 395
254 205
345 323
116 271
460 81
157 272
243 46
363 148
368 492
456 339
60 339
454 266
151 457
495 267
266 215
357 333
398 334
117 92
260 400
208 210
72 349
20 159
70 276
460 431
322 497
14 344
449 272
123 287
71 97
164 288
411 165
409 92
414 436
273 231
221 41
226 385
364 349
312 159
88 451
129 452
124 108
215 226
27 175
426 446
467 447
118 293
25 102
238 395
141 462
180 390
479 457
78 113
83 457
330 334
416 108
421 452
233 401
228 57
319 175
131 124
136 468
222 242
170 52
469 119
37 462
474 463
96 288
187 406
223 63
314 181
434 283
38 283
126 130
90 473
337 350
332 6
373 7
423 124
376 278
235 73
188 227
240 417
274 1
279 345
50 293
143 484
182 412
177 68
297 170
44 478
429 289
85 479
80 135
388 288
200 237
291 355
332 356
286 11
103 304
423 474
235 423
142 232
6 371
45 299
480 227
339 22
292 176
251 175
344 366
435 484
154 242
195 243
281 17
401 119
98 310
57 309
492 237
189 428
304 186
395 304
343 114
436 305
155 63
298 371
246 181
58 130
493 58
149 248
448 315
396 125
401 469
52 315
487 243
299 192
390 310
109 68
293 377
413 479
12 135
17 479
259 12
355 474
167 423
201 7
65 146
500 74
156 264
403 141
7 141
408 485
494 259
442 69
213 17
306 208
254 18
345 136
116 84
121 428
157 85
248 203
19 151
456 152
368 305
60 152
454 79
63 423
495 80
266 28
271 372
357 146
398 147
362 490
169 95
174 439
260 213
213 367
72 162
75 433
460 244
111 90
116 434
70 89
410 157
322 310
449 85
220 33
266 378
128 444
164 101
123 100
169 445
375 321
26 167
461 95
70 439
466 439
273 44
226 198
278 388
129 265
179 382
220 383
215 39
32 332
82 449
467 260
118 106
426 259
370 327
141 275
461 445
232 393
180 203
268 50
273 394
135 460
83 270
382 337
330 147
473 455
285 404
324 332
222 55
134 208
227 399
89 465
37 275
474 276
284 152
96 101
434 96
337 163
428 281
376 91
240 230
331 348
143 297
50 106
91 107
44 291
393 445
481 292
388 101
291 168
332 169
235 236
142 45
6 184
9 455
45 112
482 113
4 111
97 302
480 40
441 112
446 456
344 179
297 333
435 297
383 107
159 399
57 122
62 466
497 394
189 241
492 50
309 343
395 117
436 118
400 461
4 461
339 185
110 133
113 404
149 61
453 472
57 472
448 128
401 282
487 56
492 400
263 348
304 349
299 5
395 467
390 123
166 415
202 72
293 190
205 343
413 292
17 292
110 483
69 482
108 410
316 359
448 478
355 287
11 477
219 426
167 236
253 10
258 354
122 493
156 77
161 421
23 487
64 488
494 72
499 416
311 365
306 21
402 483
173 431
121 241
214 432
115 426
323 375
271 185
18 493
362 303
174 252
265 370
260 26
77 319
168 437
460 57
322 123
225 190
128 257
375 134
380 478
414 62
70 252
278 201
226 11
369 319
317 129
88 77
129 78
220 196
32 145
82 262
467 73
238 21
329 139
26 330
370 140
334 483
232 206
273 207
180 16
484 427
479 83
88 427
387 494
382 150
426 422
421 78
285 217
233 27
238 371
288 488
324 145
329 489
141 438
227 212
134 21
347 314
433 88
474 89
42 432
479 433
37 88
89 278
438 432
336 155
341 499
382 500
239 222
187 32
192 376
51 171
486 99
95 443
90 99
491 443
439 253
54 442
342 320
433 438
204 386
240 43
331 161
107 453
143 110
148 454
146 381
354 330
44 104
481 105
486 449
257 397
296 325
199 392
194 48
9 268
102 459
446 269
349 336
435 110
252 403
159 212
250 330
62 279
153 397
189 54
497 207
309 156
1 3
400 274
4 274
56 464
212 223
303 341
113 217
154 218
16 284
57 285
401 95
453 285
492 213
356 352
304 162
263 161
395 280
298 347
293 3
205 156
69 295
17 105
413 105
160 413
108 223
316 172
407 290
11 290
355 100
448 291
219 239
167 49
217 166
310 357
34 459
120 233
464 43
367 110
408 111
372 454
23 300
311 178
402 296
173 244
121 54
214 245
425 465
24 121
420 121
115 239
464 393
323 188
276 342
326 459
362 116
18 306
174 65
41 475
77 132
476 403
415 127
230 347
225 3
133 414
432 481
380 291
31 137
466 65
471 409
283 358
278 14
369 132
374 476
186 425
181 81
184 352
220 9
179 8
123 76
427 487
26 143
334 296
461 71
232 19
237 363
273 20
135 86
140 430
88 240
43 497
387 307
473 81
426 235
478 425
285 30
290 374
238 184
288 301
329 302
100 250
193 441
191 368
227 25
3 317
347 127
94 435
479 246
42 245
438 245
341 312
382 313
244 379
192 189
239 35
491 256
95 256
54 255
394 323
89 441
433 251
245 200
295 317
336 318
451 76
107 266
146 194
354 143
10 333
101 451
486 262
49 261
393 71
257 210
348 328
301 482
296 138
199 205
498 272
102 272
446 82
9 81
354 493
5 339
252 216
250 143
255 487
62 92
67 436
497 20
153 210
56 277
405 431
4 87
400 87
212 36
267 497
308 498
113 30
154 31
417 441
458 442
21 441
16 97
453 98
57 98
492 26
356 165
395 93
166 41
470 452
74 452
418 262
110 109
69 108
160 226
108 36
321 329
412 447
448 104
34 272
122 119
120 46
161 47
28 457
64 114
465 458
372 267
499 42
402 109
173 57
76 124
29 278
425 278
115 52
328 345
323 1
419 463
367 273
23 463
138 221
231 412
270 340
41 288
