100 0 0 0
53 5
36 53
54 22
44 54
19 64
20 29
11 69
74 18
12 98
89 43
11 87
80 49
21 64
40 77
45 3
30 48
7 28
65 54
28 69
2 50
19 66
85 66
37 72
12 100
80 33
72 4
95 6
21 2
45 60
62 76
48 22
82 88
74 50
79 46
40 91
80 17
45 32
94 16
58 90
3 35
49 66
67 47
4 43
79 76
27 38
71 72
22 5
5 53
100 7
20 17
93 1
39 94
58 10
95 29
47 77
46 54
40 56
32 73
62 53
24 14
87 52
15 11
27 95
30 91
39 5
96 48
62 80
20 19
48 99
34 82
28 11
60 64
75 71
66 68
95 49
27 79
80 94
52 32
42 31
35 80
45 57
62 73
28 50
16 30
22 73
62 91
11 52
49 100
94 13
59 13
58 23
19 13
72 67
35 82
82 78
32 34
74 49
17 61
48 94
78 10
85 58
4 6
41 46
87 22
84 99
95 99
13 2
16 62
25 74
62 4
73 4
46 81
65 94
56 70
60 52
43 100
43 45
9 59
6 9
21 33
87 33
18 98
47 79
55 28
73 43
76 78
93 39
40 3
60 36
86 55
5 36
84 67
37 4
9 61
27 69
13 52
90 52
36 81
62 100
10 62
55 48
20 48
77 45
14 41
50 46
80 59
41 52
53 26
95 96
10 55
17 15
65 64
81 60
7 56
99 11
51 19
5 86
20 59
22 1
89 55
77 65
67 73
84 34
15 44
50 11
55 25
58 79
39 38
5 15
33 68
86 43
31 61
66 28
87 5
41 47
79 95
26 37
16 36
18 33
82 36
93 75
88 6
68 64
12 96
57 9
28 92
40 2
12 50
4 46
