200 0 0 0
130 97
13 97
90 51
93 187
91 16
111 83
166 37
82 65
11 23
29 68
194 126
161 187
90 145
142 192
3 6
20 86
188 88
51 82
72 132
65 102
172 88
37 129
29 36
192 161
68 116
77 94
22 167
200 192
104 75
178 24
17 183
37 12
120 37
66 84
115 187
171 97
18 16
47 52
191 173
105 179
147 157
185 31
98 121
151 136
135 30
121 132
144 97
74 29
18 146
54 78
137 94
165 174
140 10
64 100
112 186
154 12
43 171
132 118
116 12
104 56
90 121
128 13
20 71
157 58
183 196
126 61
95 92
124 146
79 13
39 178
101 22
171 105
3 112
192 137
136 147
132 95
51 179
47 154
81 67
147 12
143 127
87 74
100 193
81 152
60 129
124 141
135 141
2 115
136 133
177 3
38 101
149 188
39 29
70 133
197 75
6 117
156 83
115 149
175 200
16 36
50 187
81 165
162 10
34 90
191 144
171 86
191 153
38 60
93 157
140 98
80 56
38 87
42 48
171 180
70 137
164 64
125 82
197 70
29 123
107 33
143 117
4 66
5 3
124 140
11 190
192 122
86 113
29 6
40 6
54 179
73 12
193 77
71 97
197 56
58 154
9 149
118 28
56 53
52 110
27 175
85 116
200 130
36 98
79 78
72 191
67 122
171 161
69 140
72 47
81 114
76 17
164 139
112 138
124 112
16 21
71 195
90 55
138 141
187 6
107 144
1 144
83 43
65 156
82 87
8 49
186 37
99 167
82 96
97 197
195 122
43 6
170 47
69 153
190 34
108 81
50 158
117 68
42 163
174 184
3 55
152 16
151 60
14 82
186 185
16 110
61 32
72 181
56 173
125 53
69 112
141 137
186 50
143 79
170 42
6 110
57 3
159 69
51 99
2 94
137 148
184 80
143 191
197 171
119 90
83 51
189 41
4 14
200 47
127 84
11 138
3 54
92 1
78 66
140 50
90 31
24 104
135 191
189 9
83 37
167 18
37 177
141 127
133 123
62 81
58 129
2 39
28 186
147 48
139 44
68 2
40 178
178 130
43 85
113 19
88 111
44 184
71 49
29 43
143 37
132 135
148 17
185 155
140 13
149 80
89 38
178 125
89 56
127 159
181 50
142 68
117 133
170 157
171 122
21 25
69 74
149 192
85 198
33 17
104 77
179 80
199 67
103 90
103 108
98 20
186 142
116 154
88 83
196 34
145 199
182 108
190 121
22 137
192 167
97 158
33 3
143 45
198 79
125 95
54 53
139 2
74 31
174 127
172 44
143 157
24 66
36 40
162 27
164 198
18 4
165 23
99 87
139 132
56 125
117 150
123 44
120 146
158 20
24 169
35 178
127 23
20 64
139 15
48 144
3 2
126 54
13 34
88 73
111 38
138 159
111 65
129 110
80 68
80 86
156 63
74 21
156 81
77 175
24 29
106 80
177 131
41 109
146 162
70 5
159 92
194 49
71 6
46 80
113 79
123 25
110 82
88 189
160 28
38 179
4 37
94 101
72 73
170 78
176 158
7 200
55 11
70 9
80 193
69 193
104 169
31 157
99 72
168 144
122 195
31 175
192 138
143 7
144 70
81 32
90 99
13 1
186 72
168 45
160 50
80 179
24 37
111 5
127 120
128 85
102 185
147 107
80 44
106 182
4 171
104 20
142 123
35 149
102 59
110 81
177 80
111 153
129 189
100 153
130 14
112 127
80 156
38 187
53 50
152 172
42 148
104 132
157 125
78 97
1 124
172 113
149 148
178 193
128 192
88 165
162 114
23 26
174 97
141 149
167 58
113 185
197 80
141 167
191 122
160 125
4 143
168 147
89 110
45 162
117 178
73 13
36 122
76 158
122 45
132 175
7 162
171 14
123 126
90 178
52 84
127 87
140 35
103 153
149 129
161 103
95 167
42 21
5 93
95 5
22 182
119 133
183 136
41 61
123 112
147 51
15 179
193 167
93 89
31 105
56 49
156 136
83 152
56 58
66 90
169 75
85 112
192 95
107 109
149 133
96 127
55 98
137 15
21 60
45 179
72 34
132 21
37 49
163 36
