2000 0 0 0
1455 133
1448 1177
1816 112
1830 1996
250 260
308 1433
1249 1233
1170 903
1404 841
1481 536
906 76
1928 1750
808 1490
1406 887
1299 7
592 145
1954 1924
1417 1948
1979 934
716 854
671 1606
1357 887
1436 1180
27 1046
1302 951
197 1457
398 1447
1413 1950
1779 1519
258 915
935 376
886 1386
1039 433
1930 375
1583 1994
501 40
654 1265
1750 710
1098 784
1072 1549
1027 315
1436 254
1042 852
390 697
436 1042
355 1908
1554 246
1382 957
9 1500
1867 477
1920 303
738 1380
839 1432
464 94
426 1788
782 403
1136 1426
1162 395
1147 272
524 1047
1601 442
1583 1068
1361 726
1827 1199
1720 1073
1202 1376
223 1055
531 1208
500 1858
267 869
313 985
1828 1774
720 814
814 449
1512 491
848 1265
1512 262
1260 1438
1095 876
1124 382
1798 1787
1223 1556
1937 899
569 537
1393 1738
1601 684
83 1812
1838 139
408 1343
1421 753
543 521
517 1286
1998 1259
1810 1208
1175 468
753 1233
1422 345
1943 1737
1912 209
652 1861
1693 1562
1290 391
1770 1028
59 529
876 293
1476 1978
1094 1684
323 1541
703 1762
1990 1970
138 1761
1998 333
1167 176
1864 1336
1139 114
488 1056
1593 55
1319 984
1367 1927
1566 861
1447 1398
1077 404
96 717
841 1588
1968 346
445 1359
1735 818
1919 1393
1506 1749
131 674
1208 69
695 487
280 245
1945 1796
1238 1934
345 899
212 784
1438 1699
1293 823
1200 595
586 207
436 1431
1093 1701
1468 1578
1406 700
1542 1527
480 1703
1115 1985
700 952
1180 128
1135 880
392 607
1608 1100
856 1236
1456 1231
272 1710
1163 1881
1906 1925
1364 1642
1610 880
1 1624
1867 1445
1994 991
1254 198
70 1431
1966 929
1088 660
1871 1860
340 797
1518 244
1645 1288
1756 301
1145 147
1043 136
360 631
1447 714
1877 1530
650 1373
755 1426
1438 665
512 1668
1990 1407
1606 478
799 678
279 908
1048 1419
401 1837
1788 1946
1101 1245
5 1342
440 1270
1386 1414
358 154
1495 1815
1084 783
817 439
1044 1650
354 449
963 264
1463 550
296 444
1789 720
1192 501
555 1607
1821 1463
1332 252
1669 1823
1240 663
841 917
1933 1115
209 1909
1639 668
563 680
1454 622
1703 1592
538 98
68 1640
599 1276
1223 1369
1211 83
225 806
1020 1269
1727 902
968 850
335 183
837 1333
799 812
1129 1441
583 1682
899 1918
1236 786
709 1269
1636 1659
723 386
1587 491
721 1279
1032 1895
1423 1551
1178 966
1281 155
1630 43
200 1284
654 1454
492 1392
683 1926
1882 1018
1746 1423
748 1089
283 235
518 1795
1122 512
160 1592
534 756
1406 1439
107 948
1418 510
1101 574
459 1336
1335 512
744 1468
1241 59
1960 978
337 592
245 774
539 1746
363 995
1972 1971
1258 413
275 882
913 644
727 225
395 1701
1572 51
756 926
1818 1504
40 1244
1860 1915
72 1196
1039 756
1797 1566
355 1521
1793 1861
356 1894
1526 1517
827 1516
853 485
727 117
178 1070
1136 1039
1826 1220
1483 100
115 492
1656 1977
362 369
972 298
60 1199
1071 1997
1267 1643
410 36
778 203
108 1886
1013 1992
1049 1420
376 654
1157 465
964 824
986 354
1727 1520
818 1938
942 18
123 1147
525 1127
396 259
88 143
1965 345
1514 1641
1870 522
411 796
273 1320
667 1247
622 13
290 506
214 1908
1086 1874
993 1417
476 898
1532 1402
26 1335
1803 1636
287 1376
1763 22
152 1151
1272 953
1406 1936
1913 986
1063 550
1393 425
873 655
744 1965
1484 314
379 1086
253 452
275 211
1040 14
54 737
444 397
1163 84
1287 1611
1481 659
1586 712
1720 712
1985 192
1616 66
121 683
1217 91
120 1212
249 1097
1331 607
86 810
1877 780
1063 792
1752 1539
1657 484
1832 485
543 1436
68 648
931 1023
1676 1894
158 807
1061 315
1348 1311
1716 1478
381 61
181 939
1730 329
1895 662
1496 916
482 1052
1208 1681
1426 1086
571 343
1013 1442
1383 221
194 356
419 474
346 1393
346 1164
1638 447
34 1572
1732 1543
10 949
208 1459
1591 143
188 1221
1724 672
1003 121
748 97
1944 675
1560 1961
1986 1086
1942 1245
1154 1687
1479 989
1219 621
1525 1859
477 950
79 123
1416 677
1486 1379
175 356
130 1108
1293 1738
608 1406
1721 495
1864 278
88 882
771 121
193 144
778 1292
1588 114
977 226
590 1766
1951 691
225 1116
438 177
59 1578
1284 871
955 1864
1115 1853
1614 517
1268 109
1869 743
379 1704
749 483
983 650
1385 401
1994 1677
275 829
932 833
132 780
1847 166
959 1461
797 645
177 1425
677 1748
1482 455
966 1356
150 16
138 716
1375 1524
1279 1587
788 532
896 1526
538 1589
802 1864
513 1761
1839 1106
1061 812
1052 992
768 1233
305 11
659 14
1378 1687
242 894
1367 1003
997 9
1545 1046
698 881
899 605
773 1698
921 135
191 784
664 250
1354 1185
1942 1621
1937 1277
15 1790
540 443
1885 821
1859 1586
1373 646
1490 1231
506 566
1758 228
1708 636
1957 1111
1028 382
224 1082
482 623
1626 1240
1318 895
1586 646
151 1506
1565 1526
1312 1309
1582 941
439 1192
1793 1124
886 154
1954 1981
70 1554
1283 1776
1388 1304
1131 1419
1673 1473
66 1849
453 272
1409 1363
1655 372
1245 474
512 623
1250 323
969 310
1015 426
98 983
330 94
99 161
794 723
1298 485
369 1971
1482 831
1301 1722
554 741
1150 735
1036 1653
484 682
1418 28
1915 80
812 218
1020 1150
1137 1735
1701 1777
1837 1409
1176 909
770 221
116 1683
1868 493
1191 214
1349 1591
481 1515
775 1504
716 106
236 1455
1096 98
392 1214
1794 140
1916 1823
1791 1828
1860 1433
1034 388
416 1278
925 630
562 578
235 183
610 97
1305 622
732 989
1809 384
879 1682
385 652
1131 1903
484 106
1578 673
38 56
666 1574
291 236
20 416
106 419
1260 1495
23 650
1752 1957
1814 620
1340 966
1247 1970
1013 571
242 465
1990 1785
935 917
558 930
1349 1954
637 994
1034 630
1123 1153
708 874
1506 625
1874 792
19 1066
187 650
193 1367
1557 38
1729 1313
1977 1149
932 1935
605 1577
1427 1914
1494 1675
700 1814
430 758
494 19
700 1585
283 479
1716 970
1112 1529
1588 1458
750 884
445 248
390 312
961 1333
226 884
847 1985
1437 1033
748 1454
127 612
1720 338
256 497
1209 1583
1859 1399
942 1993
1029 1881
1397 587
348 436
556 1405
654 1711
1257 1452
38 661
454 310
1939 991
818 772
171 1190
1545 54
299 1604
975 426
1633 1335
1948 178
1048 187
702 1765
979 316
1782 640
970 496
216 788
763 1186
1924 989
1511 1345
776 1650
893 249
487 1547
474 265
1840 1520
319 916
1944 1348
710 20
1305 1361
1515 942
460 1306
735 1245
69 1155
1557 1353
1316 998
1414 1533
304 1961
476 1021
457 742
1800 293
893 1538
840 251
750 1489
1720 1990
1264 1710
634 1314
945 910
1511 1587
599 273
1948 1359
1490 481
301 616
1398 892
470 802
88 508
1117 909
776 616
1725 240
1673 1770
1239 1020
1605 1077
891 1505
1548 543
338 1558
933 684
881 494
833 1500
1529 1240
608 335
1033 1036
1363 911
1449 951
926 910
943 325
967 682
337 286
127 1459
273 530
820 928
1974 18
1890 1367
1141 1737
1669 1893
891 808
1548 1603
1467 1678
164 479
379 404
174 938
1299 1313
1122 448
673 1244
251 1158
178 1811
80 1239
376 106
1446 1740
9 578
955 456
1655 1850
1782 1137
791 1516
395 1516
1899 261
123 828
1372 744
986 1203
516 759
1834 280
89 951
1682 677
675 523
670 179
458 1986
950 462
468 984
1035 277
892 228
30 721
1267 1337
1859 1212
1430 806
1729 1368
816 1815
778 1294
228 598
769 1447
758 534
522 1755
300 1642
45 598
537 1060
351 1873
657 896
1827 519
1565 1502
489 531
1762 1787
1698 1802
1510 1751
1730 1754
787 1127
1248 290
367 541
855 1756
561 1309
545 776
27 850
1954 452
288 1645
1268 353
382 260
1343 1695
949 78
1547 707
900 1125
1891 517
122 40
774 491
199 260
682 902
231 212
865 1289
1660 1752
543 1009
1837 927
1499 114
16 31
96 963
954 1482
150 1428
685 540
912 1485
1820 1108
447 1422
806 1769
1200 1888
1278 532
727 658
1520 294
873 483
1048 484
1196 1136
1963 1803
1715 1701
947 1829
1539 1475
150 273
568 786
67 504
838 381
1872 372
1285 841
791 269
741 677
221 153
1226 197
400 155
109 1669
1279 1026
1521 788
1813 408
934 1257
456 464
1445 12
818 1311
813 967
651 905
57 166
456 1861
523 1393
1138 1666
181 875
831 728
3 51
1775 8
388 158
1479 683
2000 126
621 100
1736 1773
232 813
648 233
675 336
919 962
1378 1247
421 685
1420 1658
1112 1505
1671 1011
1822 1143
1338 1030
488 631
1147 1499
775 1856
1250 688
1850 195
1259 1676
729 693
1942 952
1838 306
1836 1428
246 1219
561 62
554 1106
1445 1314
1345 144
990 1902
969 796
556 1152
1511 850
1220 149
1524 560
1529 1658
1677 1556
1128 331
756 688
1786 1957
1793 684
1607 1497
1251 401
1755 163
1415 738
1622 573
517 1345
174 188
1084 1163
1470 152
1965 94
1275 1108
1034 524
1990 1090
166 714
603 1469
195 1415
1031 1916
596 298
1723 746
102 958
1886 215
286 1533
831 1104
1337 710
913 877
1586 219
329 1351
864 463
213 1176
497 706
502 1013
127 1890
1290 571
1260 1631
312 660
910 1518
1132 170
1899 800
1901 1398
540 258
1689 990
1586 340
1398 289
780 1408
1535 523
1428 168
382 86
1434 1114
1176 361
341 1711
1855 649
344 962
1447 1349
356 33
1357 638
1617 1760
1728 1039
35 1146
1394 1688
1053 1395
1306 821
974 82
1163 772
817 364
1304 482
526 1649
1937 166
512 1485
1908 862
444 38
1872 185
1440 528
383 782
1269 646
976 1296
1757 1632
685 366
1165 1757
284 22
1750 461
1132 1580
504 25
122 1155
1380 1416
1282 356
1467 1304
627 361
816 31
1521 1769
1497 1183
1249 1347
1982 703
1799 1750
1861 413
80 636
477 1504
1585 249
1481 1589
1008 1894
1135 952
1582 180
1231 1414
835 431
601 1018
155 672
351 318
547 1950
46 1668
1421 491
1519 1063
1290 1994
1455 1307
101 1863
443 1075
1458 1578
481 1101
1285 78
1421 1659
1378 1060
960 318
108 38
1751 1305
445 626
405 1722
978 1089
181 1977
1022 378
1316 1350
1335 1363
1927 1009
954 1671
272 1314
1925 1579
412 570
1179 971
913 1495
801 1025
1059 1320
1966 1243
1883 1474
565 1687
1385 1197
1846 1592
526 1207
1553 781
887 166
73 178
694 525
1387 1243
40 1987
98 1174
1913 535
1851 852
791 1626
1004 687
418 1795
251 1389
923 506
400 465
714 1564
1784 1737
335 713
722 1913
245 1759
1580 1678
1050 695
1817 1362
1884 140
1825 728
1766 84
1889 1386
1937 905
770 762
111 1880
1131 1973
1367 523
195 302
1138 700
12 1120
1562 210
1631 569
433 1113
538 412
189 258
875 1229
4 707
73 312
1334 1514
1352 336
347 292
877 1275
1882 1319
679 1290
1532 977
62 1062
1156 1858
1758 1963
1753 1619
404 533
879 826
839 1693
189 608
61 1362
1183 1237
1188 120
1282 1216
1884 1550
406 1545
1443 1807
348 1540
869 754
1529 1029
746 1586
214 1725
1697 1808
1549 1681
341 1537
1910 640
1588 589
1106 1340
409 1937
622 998
1644 1689
622 769
1236 174
255 1241
1707 1745
1454 1528
53 1255
1107 932
1964 58
1064 67
314 1555
329 372
1084 1702
190 213
1411 1050
1497 70
566 729
598 910
587 788
1626 1123
900 1248
1745 522
1728 878
57 973
745 556
867 24
607 851
889 1769
1023 537
1656 184
830 142
730 958
680 1366
904 845
594 1851
542 1661
605 963
1121 25
1804 55
476 1078
993 779
76 1336
1349 414
604 1492
1354 492
837 1205
1436 1241
667 501
407 1328
1857 1234
382 1914
1313 1026
131 117
662 1968
772 150
378 748
326 558
1761 893
853 1041
1919 18
1000 1734
162 635
1982 74
877 846
1646 125
1432 1593
928 1565
644 1806
972 854
1748 1075
559 1210
452 818
71 1621
219 1519
1568 1373
477 1814
1626 331
1691 1709
786 1108
271 928
1470 20
1967 72
224 1570
943 274
578 1573
650 695
763 572
1570 143
1506 616
145 1462
647 626
995 1632
860 1673
1166 696
1613 1910
1188 980
931 1324
674 1927
1417 1217
539 1968
962 1805
1626 573
1832 907
1588 52
1001 1275
1350 1163
627 805
1885 275
1255 108
1582 503
847 808
704 234
587 1635
1189 1969
1884 316
141 1060
892 56
187 1930
261 1879
195 1296
754 994
155 177
649 1466
1793 1854
1239 285
1794 507
1978 853
839 580
1480 576
659 878
1627 1040
190 1073
308 1294
98 1484
560 1515
452 26
1009 1112
981 1050
141 1302
354 134
830 63
952 1746
1043 1110
1313 476
1144 1687
1316 747
366 373
562 19
1656 815
966 368
1559 882
516 1071
292 1592
1703 109
1252 173
1035 1636
1405 415
300 1941
102 1202
1373 1402
1316 868
1834 1760
421 1184
194 1959
1169 1343
969 6
1798 1285
461 1485
1502 240
1247 1411
1870 636
1598 702
569 35
288 776
1322 767
47 1616
1936 172
1478 1280
781 1877
843 540
1240 1637
191 614
1644 1986
918 1882
670 1780
1831 1583
480 1656
1693 1878
409 958
209 1836
368 1829
1180 1478
1777 1468
870 269
1735 1471
29 1087
929 849
1954 54
1613 1481
833 323
1247 606
350 849
689 86
1470 651
138 212
580 1311
351 1488
642 1960
14 405
1643 542
254 1326
472 731
1279 265
1511 1591
1067 1843
806 1250
39 354
1821 1753
477 1977
1162 619
759 680
1961 1009
1947 845
1680 730
1384 1900
1561 1304
1112 1212
1182 490
719 988
1424 23
672 913
1484 791
515 404
1315 1248
468 854
1342 1610
1080 1610
851 1787
1142 273
519 1048
1116 809
1546 622
281 1930
1831 1020
122 594
289 1525
1882 19
1906 147
1365 961
226 688
890 439
977 98
1863 945
803 699
1119 447
391 1923
372 1681
62 701
1619 1487
318 398
1782 202
1175 1510
1493 99
951 45
1528 322
217 1514
540 181
655 168
1180 807
743 806
622 745
536 476
224 1638
480 1335
1674 1315
1870 207
1631 450
1639 274
452 1007
99 1643
219 1708
465 946
415 1354
38 1633
1299 620
1980 1772
1331 1097
223 137
185 1831
436 1413
933 4
684 468
1387 1608
752 343
1263 1047
1669 274
1001 1572
1610 633
1945 623
1200 469
847 876
1602 1452
1201 1108
263 825
287 1182
655 1349
1799 505
887 652
1214 1572
472 181
42 1122
162 1416
515 780
1619 574
306 377
414 176
249 1829
835 1172
1041 1240
69 1898
1987 1909
732 1424
1220 690
1738 121
643 1352
844 1342
1900 1388
1239 1871
131 911
759 251
318 1003
1746 1150
36 1842
399 1894
1658 808
1169 351
1013 1006
1025 77
1264 359
49 1488
842 370
496 1948
441 26
620 28
1924 1866
1683 1511
731 1293
760 1994
1899 52
789 480
460 1473
726 1363
1287 1659
1180 1533
273 334
1862 1109
549 1666
198 914
237 798
1071 435
1052 193
252 1335
527 1274
351 1314
1526 1015
879 1433
1951 484
887 1028
1300 1197
1095 1960
1996 1166
1803 1000
874 271
731 488
454 1671
1827 1128
590 283
323 168
1169 1882
364 465
1759 435
1299 191
895 101
1330 1490
1870 946
1381 260
1398 1890
816 451
1709 25
296 681
1375 1906
771 974
170 47
1780 1137
106 291
947 907
1005 94
702 322
1361 1944
1003 1216
1314 1603
796 1677
83 1512
1151 1087
1259 620
632 1919
214 1177
637 48
74 874
29 1626
1910 92
1548 1662
1221 513
1739 210
1300 1560
1493 972
302 243
257 995
1740 1832
1511 1780
394 1000
1409 1732
884 864
1725 1480
727 1146
1269 1200
818 510
823 625
1296 808
1805 685
1405 1209
395 1575
1341 1719
1379 1745
1091 1049
220 1988
750 756
1226 456
1277 916
869 1616
334 289
456 1181
821 407
1726 513
1860 742
447 166
818 1799
95 946
1655 983
1419 218
875 1286
1952 452
671 1227
1435 162
1285 632
216 1586
1952 1849
522 875
419 1945
525 880
186 431
977 1455
1923 101
457 1419
697 583
1225 473
1861 391
1023 1278
59 1760
1950 914
1205 760
675 1763
1282 226
141 1304
1275 1233
1980 1022
1581 522
777 1222
1011 1160
1336 691
1947 350
486 26
1783 1676
520 1825
146 1355
113 1178
498 265
1748 1803
1531 1051
343 593
446 1014
921 75
1600 104
1595 1746
1872 297
1037 1189
1897 61
943 1002
1191 838
1416 1222
516 1423
762 432
1498 995
1500 1593
1424 817
684 1007
954 373
1028 322
792 1772
1884 1970
1466 1982
590 96
1777 1349
1804 1977
501 24
410 394
487 843
1189 132
1643 302
1727 939
658 1664
1451 1529
1484 1477
1767 1277
1836 882
819 306
1552 1352
416 1084
409 142
130 727
1666 1868
1599 646
651 1890
76 1164
179 619
748 776
1245 1582
1737 1290
1716 413
1549 7
1895 415
1153 1993
759 1837
370 564
1846 1462
1008 851
1744 1414
1214 1185
1587 1696
921 1606
1334 1021
938 1021
1996 174
318 1313
1770 1817
1316 186
1464 84
1937 533
519 808
288 912
1149 423
873 1013
959 33
374 1100
410 757
1038 97
1179 36
1991 1937
148 757
944 435
615 1391
147 1057
1672 319
1579 128
1749 2000
591 1448
1183 1094
735 446
1476 1841
951 973
1064 621
1491 1597
1080 336
1257 1955
183 54
1105 1561
262 872
1953 1887
532 467
1206 152
1316 549
139 1704
610 1326
1069 1086
18 1414
1255 44
609 1101
1827 1667
540 1230
400 698
792 1451
401 1566
866 1925
1683 198
626 1684
1832 964
1295 1779
574 999
708 1982
107 72
427 1474
34 762
1178 1379
1578 37
771 237
191 416
449 940
595 240
1407 155
514 1106
495 827
101 1425
1833 263
11 714
167 473
243 1774
1392 520
511 771
542 121
1651 1454
1377 397
1016 943
28 1068
726 1110
1070 1408
1696 150
646 1117
1482 1618
778 482
1977 1560
1457 807
199 1300
595 1300
875 1583
89 1428
944 1979
1792 1551
1873 456
1618 1398
723 1751
890 696
1519 638
1214 756
1393 4
1661 1216
675 1939
156 327
1618 1519
70 489
1900 1619
1760 1050
1096 1824
1851 185
1166 311
1465 644
703 846
647 1180
1547 942
1132 471
182 1080
1758 1162
533 1603
1804 46
1293 1062
806 715
1210 1293
155 1657
465 156
1725 167
1169 474
1186 1875
1382 767
126 1858
1208 1597
1626 1356
1001 1829
1971 344
870 326
1606 1414
1592 1479
53 1501
1464 18
1670 352
925 1430
1990 1754
106 1098
954 670
598 806
1869 1235
556 1829
1050 149
1884 52
444 568
1178 829
433 446
233 1324
486 1504
1919 1995
551 438
1927 129
698 1131
1968 1887
135 1920
1645 1877
279 1147
814 259
673 283
1846 1638
1503 1006
264 758
596 36
1652 1772
480 90
1368 552
712 1150
1725 301
856 1838
1955 763
214 119
1762 1122
1729 945
1101 1376
1441 1710
1739 1138
1157 1951
861 869
670 106
1058 1908
325 108
1696 1936
233 519
455 1386
558 804
372 1617
492 450
1681 86
710 1612
1950 1708
417 47
916 1680
1334 1210
664 1910
1030 1967
751 566
596 1217
687 810
1516 140
513 1448
38 401
609 1156
1514 1262
98 186
397 1502
306 1118
1011 678
904 515
589 1443
109 52
1031 1788
890 388
1726 623
1024 351
461 1931
1302 332
1859 1152
709 461
332 245
1426 1270
1164 1270
1930 803
1134 1098
1774 1724
1624 733
103 1590
791 1698
1252 861
154 589
1890 852
204 181
997 1803
344 1652
1419 449
989 1390
655 1285
297 1806
837 996
809 1688
1652 162
766 69
1774 1845
303 1062
929 1753
447 289
55 731
605 875
1099 1935
116 189
312 1821
1182 1152
86 1249
208 946
612 541
1233 1871
1143 931
1652 283
1769 1622
438 590
1505 529
1305 175
682 950
1943 1923
709 595
1810 347
1336 693
507 1134
1093 706
1356 1574
74 1481
1609 1525
1674 688
454 1244
1352 408
651 1529
1191 948
380 1709
187 82
1309 711
1264 1463
1859 589
1021 1476
11 1842
40 557
342 141
1025 134
667 426
211 1607
149 729
1069 1638
1788 1059
1474 411
901 778
1961 758
1960 533
1411 62
310 44
1619 994
1977 702
1722 1644
1125 1425
1567 309
596 1835
1583 1980
1781 9
189 922
383 1956
273 1330
1133 202
485 1186
1944 646
44 1443
302 984
446 440
1513 1133
336 568
954 846
491 856
558 388
1134 1487
36 1215
1247 610
755 673
1147 1426
1087 1146
378 686
1043 551
410 638
1005 30
513 93
19 753
1319 1883
89 1980
381 1105
293 1221
358 1616
1826 667
1757 833
471 1264
1333 505
1324 951
1071 505
1281 86
470 810
1263 446
1643 667
631 1667
583 687
1073 551
820 105
1792 9
9 1620
1784 791
1111 25
636 698
1501 439
1783 1357
1705 1437
1813 482
1856 1835
371 1154
383 225
450 1218
374 176
590 703
1531 503
1176 275
1861 903
837 580
1249 1019
571 1858
1476 1964
1242 1797
958 52
189 1527
1063 105
1906 1548
1594 1956
1790 1602
1205 454
1547 1386
829 1335
1955 134
1138 1861
157 942
964 742
575 1455
738 924
602 1329
1920 1604
944 800
11 595
1475 170
509 54
44 1940
1145 938
1974 268
1630 458
762 1402
1340 1150
925 1874
1356 111
1674 1669
1361 1209
131 552
1975 614
1183 1351
830 1987
460 993
1186 1851
463 244
815 137
1121 1641
983 1936
1542 1405
1114 1867
1121 594
1069 404
1981 1452
470 1536
912 420
821 827
1500 361
1868 1511
789 1289
1503 632
340 1951
718 591
1681 638
1297 1695
199 1194
402 1782
1826 238
972 592
1562 1626
1486 584
1725 866
211 1433
73 1728
398 1259
1389 651
642 1885
730 951
1750 1798
831 1528
1090 476
1150 490
1279 1129
1155 1588
1497 305
1743 1529
1875 1914
1106 420
1061 1172
696 27
1960 709
1284 197
1251 249
1977 878
363 1544
571 261
1116 1781
1212 28
883 1021
1177 1239
1574 646
206 284
1780 1946
385 515
1872 488
655 1019
480 789
540 803
1343 1127
1420 593
1227 952
119 1978
1636 1645
700 1206
660 841
1331 780
1453 1709
546 739
597 1953
647 1316
1872 838
727 1016
486 1856
1040 1247
145 1563
501 444
530 1899
1447 1076
423 1278
1441 773
42 1852
704 1971
1700 475
1106 1951
1070 42
1180 1671
729 1735
968 31
1961 21
1640 609
866 1740
14 706
1058 1910
1448 1836
524 1222
1001 329
1383 394
1725 1592
419 647
1814 846
1200 1212
1186 1314
1101 681
607 1341
1386 1079
1513 625
1862 550
114 950
1485 563
1330 689
545 1631
299 178
710 1735
426 1976
1434 746
1026 1446
866 1982
1261 37
717 1859
1887 1482
906 1795
144 1997
918 1620
1108 697
748 391
743 47
1715 1146
299 70
10 196
407 1818
469 481
1902 972
12 242
1207 1615
592 1985
320 1526
740 1883
1311 918
330 1985
1739 1853
954 122
1630 405
1399 738
986 340
1346 646
676 1575
295 422
1728 913
1310 171
1616 1675
1177 810
571 1000
774 1588
435 1893
1620 333
1534 1047
496 826
864 1747
231 1080
439 63
1072 235
1213 1406
362 1536
1400 185
1152 120
503 1889
190 1429
1372 123
1929 1209
86 554
1230 942
777 179
12 1544
538 836
1940 1748
1656 3
1227 1583
781 1991
259 374
1790 1925
98 914
1441 465
1257 644
648 1088
627 248
940 708
269 503
606 1357
1900 750
1917 165
380 1014
789 1478
1506 301
580 1304
616 732
1029 147
10 693
1424 942
1157 827
739 839
854 1543
157 1615
613 434
129 1553
946 1546
175 208
507 681
1995 879
629 149
1310 776
926 1833
1177 1415
263 1489
414 1658
483 1263
1033 1141
709 34
972 673
1063 791
1625 6
1907 887
1833 709
1788 1424
554 96
1932 651
395 1271
393 673
1332 1595
377 1631
1280 1139
1569 1013
1662 1995
151 1813
730 443
1517 1496
106 1518
209 219
1305 1613
1633 890
1998 79
1621 1553
1819 1834
1325 279
1760 436
175 342
684 219
305 1849
453 1747
1110 556
1628 1485
982 1081
414 1792
1799 1303
1324 27
173 417
1320 551
103 587
915 502
172 946
226 694
897 1387
1337 868
210 420
523 880
999 580
625 110
463 1280
1805 1912
910 279
1681 156
335 1768
1324 1316
1990 911
1623 1612
1757 151
1626 863
800 1804
791 1984
391 64
1260 513
1086 626
267 294
931 1506
294 131
1510 1856
268 667
956 1041
154 1585
580 1922
442 2
1579 1663
1787 1612
204 359
140 603
811 542
1526 524
889 1630
1567 1279
1180 116
1269 1622
1780 1572
1572 1394
1553 1152
1435 342
736 75
1553 105
654 945
363 244
1526 874
19 205
1237 771
366 1710
1691 978
1612 685
1476 1282
1873 689
162 1422
1748 694
509 1237
275 1070
72 216
1954 799
803 1189
1203 342
860 1171
378 1656
1699 694
5 1330
1095 664
1976 184
847 1353
995 1480
250 1363
986 1697
334 1771
745 322
614 1825
1123 1931
1013 73
225 552
757 147
168 1967
674 378
1186 1987
1979 869
1602 882
1268 1760
1102 1993
405 604
1322 1996
1410 1880
1520 291
1272 189
969 188
922 76
442 1425
435 217
808 728
1400 374
214 1975
1504 468
279 909
93 1685
122 171
1849 1634
1890 1406
1484 718
916 1429
1227 833
1612 1169
1999 1578
1638 138
461 1559
495 389
151 579
1522 192
840 1821
866 790
501 1372
1943 1417
816 215
1060 841
310 343
1335 1534
979 1670
1574 1816
328 626
1892 405
1068 1190
285 1747
1634 1601
1618 839
1346 380
1081 900
477 1917
1664 1709
858 333
1823 1473
438 1962
479 1734
18 1110
274 1036
1270 772
1580 1486
279 1151
556 1954
957 275
724 1501
891 1678
1011 777
500 1793
1293 1429
453 1681
716 105
1703 775
199 1801
493 33
1388 1437
735 1781
1552 1545
502 526
706 33
1262 1971
180 1680
806 385
1852 201
1358 861
126 131
86 998
982 318
304 403
22 1242
925 750
1931 1662
909 742
107 1286
1714 1435
1638 622
927 567
956 36
739 1270
1632 90
869 562
430 1912
1679 1828
535 1211
879 984
678 994
306 1351
474 935
709 1741
175 1807
185 2000
489 691
1568 684
1568 455
1879 88
1803 1261
528 124
1324 1492
870 1056
1176 574
255 231
387 1582
681 1800
1703 1030
169 1359
1530 284
556 344
487 473
628 1415
1008 1636
104 183
646 237
1303 507
57 1828
1674 450
1171 1290
1685 1511
439 1112
525 886
208 1179
399 1713
884 1233
1756 1391
1658 856
1133 1937
1465 461
1795 1090
989 697
1128 1041
1962 449
589 763
1487 1913
255 1412
1153 576
1383 1001
292 1708
256 1785
1025 1064
385 438
968 530
799 492
499 954
1189 1172
996 1006
311 903
526 599
1954 746
1818 1868
1919 1920
152 92
300 781
1234 1817
699 261
1296 251
1702 1693
96 197
1887 921
787 1771
534 1362
1914 529
823 1236
1110 1000
1146 657
487 1775
1650 456
1061 61
1989 1053
944 415
1441 467
99 94
460 1534
527 275
1308 840
993 1768
1848 296
1053 587
611 1437
1416 639
394 685
729 1429
247 1426
89 574
627 1418
486 1442
1862 1399
1973 183
1990 1584
708 1491
1833 1866
1630 1012
1045 93
1511 1586
339 1099
757 1612
1978 1466
1828 704
300 1373
1251 1366
800 1201
922 144
505 1024
1656 368
689 1370
491 1089
1095 1792
274 862
1225 1084
1397 373
1770 884
915 141
1708 6
803 1620
1577 1243
240 460
918 146
966 1089
730 95
1258 443
502 1628
1143 1661
14 1810
554 1266
263 565
1529 421
1135 265
1544 958
296 1681
1894 253
884 1851
478 1163
1350 1321
1978 661
825 453
1472 35
83 1802
1509 1085
141 989
884 1033
1655 910
1441 1890
1845 253
1974 138
28 1048
669 61
762 1043
216 1513
672 332
548 1986
383 229
739 1325
452 63
957 464
1117 453
1535 212
1337 1917
1595 492
583 1980
1419 266
1001 278
1246 1506
1282 1200
568 396
941 641
421 871
1007 443
952 278
525 928
711 1118
655 1452
416 1695
61 1467
1291 1141
852 47
1559 1858
950 582
679 1516
892 348
1396 1342
463 1403
1540 798
647 1749
1591 1783
557 772
6 898
412 125
849 126
1098 1621
332 1822
573 716
1560 1386
467 1229
233 1062
85 669
1692 293
236 1067
94 1886
727 1570
1627 1332
562 1008
1386 223
550 1119
803 1070
1702 1627
733 1240
542 477
1146 1409
1741 801
774 1766
311 1776
1383 827
899 714
1897 1048
541 252
1112 1007
1743 581
1235 1343
1106 1229
987 1766
758 1943
1964 1223
1332 229
1103 1160
301 1704
1564 1289
1643 350
1894 1689
541 373
959 886
949 198
847 416
670 783
93 1674
60 1268
1909 1445
1270 1458
912 1713
962 1076
1559 1066
170 847
1120 201
132 326
1983 576
937 1248
1097 483
1511 1520
475 665
1810 1816
824 553
385 1674
479 555
1265 1464
983 317
217 1309
322 608
1552 245
53 1615
1842 1741
1069 771
1979 992
1767 1338
714 314
554 850
307 155
1270 1700
654 1431
604 1839
449 504
545 212
596 1197
367 1145
317 1553
1284 551
84 268
977 1074
607 43
326 555
183 1967
1086 1475
1408 1260
943 1197
1803 69
208 1502
194 1338
1214 199
890 1307
272 440
840 1715
764 673
275 1677
1512 307
893 1955
590 1917
1557 723
863 800
1914 960
1272 1722
1628 603
456 1873
844 1726
1401 560
1494 1542
1318 562
700 1452
1708 1242
484 107
1862 662
415 236
1726 1784
1282 87
1786 1835
74 1929
934 801
602 99
244 125
414 802
77 1180
1541 1775
973 271
1124 669
1463 98
110 539
1128 788
473 1116
20 1814
1314 1732
1362 726
235 1473
1119 739
35 890
315 944
853 1751
125 1049
562 1050
796 988
589 1678
1482 498
1248 331
114 136
353 418
1963 542
721 585
63 1339
324 1114
403 1407
1161 39
342 1168
1940 1726
1305 986
828 1815
230 1866
1660 396
646 1286
804 1872
675 1987
639 115
687 1058
1634 114
1596 1808
1993 690
317 1232
418 1284
1438 1865
698 1863
271 1530
639 236
637 1587
636 1362
1321 1990
1212 1000
59 829
1284 122
1180 1462
982 1743
1047 1872
1981 464
272 1058
368 537
1108 1064
516 1189
1030 1639
419 1485
997 1233
61 1548
1329 1706
143 1321
1846 1444
1970 1739
223 792
966 607
995 1308
1665 56
1837 1331
746 1772
732 1837
771 782
1860 1463
1471 190
801 890
835 1706
289 220
1460 711
474 1434
455 1192
1212 1134
766 559
351 317
1163 195
1254 1774
1087 1368
1192 667
462 1316
1506 305
1172 1183
1750 931
1984 1098
1898 829
217 1485
1442 549
1562 880
1507 944
1681 831
1581 1122
192 674
714 261
509 1778
1644 131
1289 1889
673 1620
262 625
1134 783
108 158
194 1393
450 1319
412 798
670 1093
279 1437
1984 172
1932 1702
1789 899
1632 952
1513 1489
1249 891
224 225
1607 370
442 1845
918 1545
1293 439
1587 657
1134 1843
673 465
318 503
592 1560
58 1101
1653 193
1426 968
194 467
823 904
1682 665
1052 498
7 1809
1738 1728
1476 1957
1261 83
1123 149
801 98
1651 268
750 1035
910 270
800 398
600 1505
1691 606
221 462
6 537
179 1219
19 1001
1555 156
1588 104
1753 437
266 878
2000 543
823 1964
284 1686
616 173
643 47
423 532
722 865
1627 971
1945 1775
1537 260
322 1389
391 994
828 1749
547 1507
198 1353
1137 289
1460 1208
832 1639
1458 1135
85 658
719 1469
1474 96
56 1125
42 1227
1917 1834
1296 1221
1144 1618
533 1464
1455 985
1310 109
578 1880
466 1410
1013 1808
1897 1037
981 284
334 473
1310 459
1291 217
498 315
1146 1290
1638 1981
951 526
1892 851
718 1752
1511 1388
485 763
1784 234
226 243
904 1878
852 1688
281 438
339 1840
320 1598
382 261
708 1414
11 25
269 320
943 5
1480 1930
1010 998
103 28
1610 1222
240 262
71 1015
1581 935
1975 1091
1581 706
120 1136
987 950
1897 1171
1346 1297
229 1308
647 1067
211 1668
144 446
1441 1342
109 1657
73 1963
5 516
1192 1769
194 1435
796 1540
1059 193
799 1020
911 66
60 1620
1877 825
359 492
1644 65
1243 1707
498 799
1217 486
551 662
35 1563
671 727
1736 822
822 896
213 1606
1841 1518
764 662
1729 1048
1815 68
703 386
266 1617
145 1556
797 1253
1896 407
327 809
318 1255
953 1500
760 139
703 1325
1666 884
155 968
1473 1472
775 1844
295 1207
363 853
962 1441
433 1851
1171 797
1344 725
1473 1364
206 1808
278 1159
316 1451
1623 1308
1910 318
1688 205
1027 725
1418 381
1113 1731
913 623
1909 1113
1310 30
252 648
1628 605
329 1097
1356 146
420 461
296 691
466 1102
574 110
345 812
1382 320
1504 17
1604 1187
575 1274
1139 1316
790 408
525 1911
1237 1393
1354 746
1348 443
716 1627
162 58
67 1218
1614 562
41 1983
1096 1390
447 1210
1942 364
911 1610
943 1562
196 810
817 1157
1113 1973
170 1346
1357 384
844 1031
147 1362
995 934
1633 962
370 882
1645 1430
256 716
531 692
1131 162
1098 510
41 1996
808 182
1515 798
1234 519
793 1042
499 595
495 1119
1319 334
1384 463
947 462
773 346
1583 1612
681 757
1687 1669
1940 1849
1472 1515
1460 229
1076 1286
1764 1623
1815 1854
927 1163
1426 581
1106 1165
1701 291
1035 467
694 137
914 406
642 1933
838 1579
1738 1341
738 180
511 955
1889 756
46 367
1894 1854
982 806
971 1879
231 1315
1960 407
1115 1106
330 1294
1519 930
266 1538
25 1183
266 1309
1094 1397
1230 1995
1488 533
1070 545
1250 1644
1611 869
1470 1684
1356 1582
949 1423
1283 545
472 1764
1000 1883
833 1248
1627 1523
1382 1167
876 1066
1719 294
819 303
1390 1287
108 965
882 1783
101 1972
587 145
1012 846
1128 240
1207 1287
264 1855
448 215
1580 1532
682 153
1447 1942
1464 1357
1677 189
481 1331
730 86
384 1664
921 1603
137 969
612 1262
1474 769
500 792
1484 1716
890 1243
81 579
289 1511
643 1780
1128 1529
992 436
1348 1303
1953 1642
1196 1434
1849 767
629 1323
551 1898
1272 1429
568 1313
921 677
637 918
1679 1524
1295 595
944 1829
693 32
361 754
1689 1946
1422 1602
1620 1883
701 1842
329 1970
1098 1249
1337 511
428 1683
438 156
94 117
1518 788
803 1974
500 1973
379 1912
1747 1779
1580 619
728 1571
444 1812
1126 1846
691 228
897 562
986 1314
1430 796
769 1316
1724 1014
335 1761
424 1281
1919 435
874 1517
658 401
737 465
341 465
1394 1489
1843 561
1287 343
1144 560
881 860
143 894
1280 340
953 1931
194 1879
1959 894
209 696
958 60
1121 1515
498 304
1652 1151
597 283
1053 1317
630 231
411 830
693 516
1605 1564
1286 1030
1724 209
774 589
1293 925
1809 1973
551 288
759 466
647 1982
1709 345
750 1171
448 1772
1074 248
798 1333
1658 1962
1386 1503
679 1641
887 1819
1377 1454
649 715
1600 974
400 1179
1957 1211
1563 1580
1709 1863
657 1478
447 473
1708 1675
1386 1395
1847 292
458 1534
1475 649
1776 1809
1268 356
1550 1466
490 25
784 243
729 307
2000 1968
1809 1168
728 82
392 133
1218 1932
1641 574
464 1995
238 1652
1673 526
1100 893
737 841
425 1478
518 245
1815 1104
1641 1742
1185 708
1787 1042
1974 868
429 1893
1666 523
532 1082
41 1488
1827 1114
1713 1995
1692 889
1539 418
326 196
1189 305
1980 1558
1080 1301
1560 477
992 1188
1847 1702
1143 1357
790 1202
1406 10
399 1317
1686 64
1113 431
925 380
985 1414
1893 771
1428 937
645 1494
1579 1106
1513 486
1666 765
706 723
293 1042
826 1542
428 449
1548 480
424 973
654 1435
1000 1843
1829 1402
1851 895
1276 960
481 460
1275 735
1011 891
1555 789
1424 306
1761 1123
1584 258
200 1615
739 1142
665 927
1640 1772
131 468
1743 961
1667 148
750 742
1727 199
1264 963
1737 658
790 289
1509 1962
1409 792
1708 1354
645 1628
1297 93
1309 1379
1333 1736
417 1212
21 983
944 1897
1565 258
687 1746
1841 836
1586 317
261 820
1904 892
625 50
143 1767
1915 1724
638 1975
399 1464
1309 682
89 1238
998 1729
950 520
977 394
669 241
1044 155
1259 43
1911 1955
789 1097
1666 1370
802 1561
1022 810
1588 1450
1020 700
161 710
1286 856
1083 2
735 982
1518 159
1700 1893
1956 1553
488 58
1151 1799
1963 1714
1872 1330
1371 1573
1209 757
1997 49
1754 1082
1910 804
320 595
1 1781
1654 326
971 821
35 1136
224 1826
1982 1848
1980 1250
1161 164
1755 637
1254 126
1837 1201
727 1629
944 166
975 1465
505 533
1613 1456
720 421
1504 503
1089 1981
36 957
686 544
808 1473
1759 234
1583 1735
432 139
1176 822
116 1596
1948 1567
403 606
251 1003
1151 765
239 1437
1137 601
632 1597
1790 1920
1893 584
1898 928
1579 919
423 965
471 1945
944 179
1957 1508
1064 473
580 131
559 1240
743 1586
82 1840
969 357
284 254
337 1312
68 858
1620 583
164 337
1387 52
1786 1518
1724 640
748 1822
1737 579
545 968
1831 1934
1506 188
234 783
351 1368
1841 178
800 1194
55 286
1383 1249
1035 14
646 727
1783 173
212 1438
1523 1000
654 322
874 96
1605 1069
230 31
1725 1400
1547 310
1903 1406
1731 656
1981 13
1683 1110
1876 256
1280 1134
425 391
1117 1372
900 620
824 1793
545 392
617 1729
1197 89
844 725
488 1844
1305 1837
1544 133
193 1172
1459 1486
1657 1767
1127 784
1736 74
1374 661
1988 66
18 353
33 1156
1055 1847
339 408
1891 133
473 1162
1156 438
1136 954
164 821
1595 485
17 1562
1564 906
270 1742
810 1198
741 1098
1725 716
1928 1304
1283 105
1480 619
761 703
614 1673
581 1496
1536 965
316 1750
1204 226
1878 436
413 636
1273 1494
1689 1143
58 179
771 1512
582 1347
492 636
990 95
288 348
1511 1258
1053 151
554 467
32 1294
1942 1481
127 659
357 1350
803 124
1816 29
1773 1379
1193 804
489 1920
1069 280
250 177
921 116
158 359
1486 568
797 760
948 1158
666 11
1784 1393
1505 1978
204 1414
1129 1169
900 1346
437 1356
306 607
447 354
829 419
1319 283
1362 919
398 1364
83 306
1048 463
315 1595
699 309
1841 99
1127 1281
1784 1285
297 1992
1620 625
1546 410
696 11
1294 640
838 360
342 193
1216 949
1159 415
813 1993
51 1441
462 1012
713 594
135 617
871 1934
1738 1519
900 191
942 1585
1626 1463
210 912
153 378
1851 1581
1820 53
751 1007
951 543
1204 723
1979 1214
615 1082
633 1365
1180 1763
1680 1820
737 1193
439 1536
1676 654
1084 779
1613 1766
625 1891
525 492
1043 1421
1447 1999
1316 1287
275 1549
1125 1719
584 1072
291 1264
10 985
858 557
1548 1529
1081 77
1296 1951
1246 144
900 1722
798 1711
1756 660
1928 1935
1706 1068
1322 139
1580 663
410 811
351 1665
237 331
767 1314
390 1098
987 1088
1883 1640
1539 1830
1912 126
826 1665
927 1717
994 1478
1346 617
1322 31
426 913
1587 945
1281 1427
1026 383
1026 154
337 575
1617 329
1711 1654
402 1458
1551 204
553 873
1475 1377
1244 727
1454 271
645 1859
1827 553
1849 1066
347 1384
414 916
1257 144
949 1977
1890 1777
1666 83
1079 1269
1258 517
1899 779
660 1322
1756 1962
159 811
706 1209
200 583
1807 961
1886 1254
888 691
1323 848
1944 966
772 745
80 1420
1949 492
1114 630
1926 508
959 1510
1003 762
506 481
996 1806
713 1454
217 1812
1808 674
791 61
1173 163
1274 740
1312 995
1969 1265
948 984
1464 46
817 235
488 1228
1357 1677
1174 509
515 836
329 417
1645 1555
1614 1976
1337 1173
1361 335
487 1528
258 1705
1951 1332
1256 53
182 892
1591 1026
1725 1026
1448 223
490 779
290 1657
1783 967
551 466
327 492
20 1244
1828 1383
1298 400
49 255
556 1749
1865 1450
215 1190
464 1931
61 723
334 1821
1110 56
1504 1444
1674 1855
1975 1029
1187 1242
995 483
1005 942
1779 336
1710 465
170 1834
508 1304
1494 1106
1205 1003
21 1482
1352 1925
1808 1976
1278 1747
288 1008
653 1429
482 793
611 1432
1266 609
902 1581
890 295
1960 1929
236 1491
1910 122
1855 186
955 424
1290 1168
497 1303
1247 1764
1656 242
1826 653
1941 640
1234 778
1344 650
1378 234
1758 1687
1393 771
156 1912
1807 1579
1299 355
301 1778
1944 1813
810 1884
1309 1302
320 973
1975 345
919 1009
1803 1995
430 323
877 783
703 1613
355 149
1442 1952
1044 1125
1489 1246
1265 1767
1991 181
1817 294
1903 1300
1753 538
1332 1942
145 689
564 1841
1796 127
113 1905
853 1678
1775 1236
689 789
1338 969
536 1513
1193 322
4 457
1430 1955
19 1223
1576 1255
559 679
1061 1600
1947 1427
844 848
820 225
1333 1793
22 1642
1672 441
1750 1300
1452 1606
1827 729
1705 1786
1716 898
1468 1550
58 1457
1715 1198
1185 215
1517 688
1209 572
1515 844
18 597
372 866
649 1632
35 1998
1468 274
721 754
905 1329
387 1403
306 246
1491 672
1930 39
928 1986
1132 1493
1368 43
263 815
813 693
1561 852
451 1280
74 1293
423 1935
1918 1089
856 282
1288 693
1874 265
552 544
233 10
1979 732
38 1986
821 934
1425 1866
313 1696
1722 1564
271 1699
560 1573
773 405
573 2000
1068 1979
1728 39
403 542
1437 1324
740 1359
936 1042
1074 481
499 775
1126 119
71 1008
811 781
747 1291
864 873
1702 1972
1247 1577
447 1524
280 593
1238 296
1317 589
1417 1759
212 1361
797 65
859 1697
1702 925
941 1241
1679 978
1634 1693
273 553
704 776
1406 819
597 421
965 588
724 196
630 1766
836 1605
1954 1038
1665 1164
1104 602
890 121
401 1125
1644 1226
985 358
1374 1402
1286 1518
448 153
1676 1703
487 1838
41 1492
779 1192
462 1485
1680 1593
730 24
802 129
1767 515
1430 1418
404 1022
1021 1893
699 1842
1468 1121
1155 661
728 328
260 977
1151 956
607 38
1073 1531
1906 71
887 92
1062 847
742 1431
1592 1601
566 1205
215 453
803 623
1868 718
751 204
1535 249
881 1711
921 615
1196 554
246 1200
410 1860
1653 241
1558 1172
1002 954
823 723
663 1259
916 1439
1492 323
736 1737
1651 316
1233 328
1262 1029
1697 432
1050 621
982 194
1142 1378
1207 541
1076 1024
1024 568
1913 703
1154 1617
1584 1430
646 918
603 282
525 857
243 1696
284 1734
1078 23
1489 1314
1783 1532
1745 1240
448 1576
1554 1709
661 637
423 1748
99 870
1845 1592
1291 23
947 213
255 1154
291 811
1913 1763
1531 678
1147 1964
249 585
1095 1279
893 98
62 1927
1175 979
812 927
1931 504
15 768
1705 686
130 1280
209 1573
1377 332
1824 1546
29 1871
1720 671
373 1415
1391 1664
806 745
231 19
1480 689
1743 1328
72 1423
1254 117
92 1109
1294 684
50 883
1679 1020
1441 1377
569 1182
1534 107
1749 1264
183 1412
768 116
119 1656
455 1053
651 699
875 592
171 476
558 1410
35 1369
899 656
503 1888
1794 983
1178 751
550 1182
407 1362
1520 222
714 1290
1197 1932
378 1829
1424 110
736 490
1737 341
493 540
1033 1945
1408 1068
396 836
1956 873
306 1845
913 79
188 1072
250 489
465 1609
1234 888
392 313
287 785
1295 117
1277 706
1690 121
1167 834
1557 760
979 783
184 1074
36 156
1290 941
1750 108
392 205
1142 1191
522 1483
596 200
1534 254
1332 534
919 890
137 854
1291 1930
708 1609
1212 1371
1026 198
236 567
1127 775
1156 1476
1930 604
133 331
1136 1763
1299 478
520 1265
876 146
170 1381
751 380
1616 1353
255 967
77 1338
1502 958
3 113
648 1800
1121 1495
23 1748
349 1918
538 622
1744 1888
1570 540
1109 1148
930 1671
1691 1998
206 822
1078 1017
785 1667
1847 30
133 1512
1592 972
396 165
430 1964
1961 546
378 1279
528 1223
1667 1267
1092 1036
493 219
1274 784
746 399
1429 1624
109 1276
668 974
1758 79
526 1564
1013 1911
137 291
813 574
257 127
368 1392
335 949
1154 1806
273 71
1107 1960
510 1741
1148 271
105 1921
661 1873
580 753
857 1519
1273 451
158 1518
256 1824
1123 1675
786 592
507 1177
1384 1450
498 1357
403 302
1227 1503
1430 105
1423 1149
922 867
483 1988
264 372
1368 395
17 1929
1292 585
607 482
1288 1863
257 369
1874 1435
1310 1393
1134 1396
81 372
728 1940
179 1469
984 1637
1997 1276
1596 932
319 954
599 1008
247 297
634 1460
1064 290
1735 229
1924 1148
1487 918
9 1179
881 1108
819 230
1287 1759
175 128
1734 758
385 1429
636 257
109 1760
345 310
4 17
790 1892
652 238
1440 1745
1834 1110
1770 1620
1775 1964
1586 1799
1901 871
326 1465
1379 1469
152 1312
852 757
1519 991
1099 368
1185 1640
1763 1351
1848 1395
1700 1268
561 958
1717 683
568 1937
1469 581
1687 1972
1573 409
1695 106
611 1718
463 837
626 77
1904 1677
1544 876
1191 1246
1750 981
1898 879
1972 1811
98 1089
905 660
1166 664
1166 435
1530 1880
1356 1993
1027 1525
5 1800
894 1181
1312 1657
949 1605
424 966
892 1071
1962 756
1549 1341
1265 1353
1313 81
1779 1574
1292 1190
263 1543
196 321
323 1328
619 158
648 1384
1974 995
1703 1929
287 853
724 1608
557 448
1742 874
1136 1818
866 1957
1294 189
564 609
874 1323
932 510
1637 528
1047 1251
1952 1357
1864 1473
257 866
558 794
83 686
1032 835
1638 379
1555 85
600 158
1300 1552
866 1031
298 1513
1946 1929
1175 1786
146 1910
1574 71
600 1326
1800 1057
1462 15
1968 375
402 523
217 743
1015 1955
604 923
1177 556
1094 787
1856 1073
1912 1419
102 941
482 408
566 1799
1380 326
260 66
191 461
29 1631
989 441
1923 1019
1606 1312
364 123
1606 1083
515 1753
1544 205
587 1858
1256 970
487 230
1815 439
1427 34
1208 1158
368 1447
1975 1596
1882 1368
1593 1494
1780 566
367 1747
322 513
1805 101
1001 572
1450 1859
75 1575
1768 448
443 1742
121 1462
520 1925
1461 1725
799 1754
703 1817
1797 627
1870 617
1696 1255
1572 1677
1555 1279
1883 1081
749 1115
1144 1910
1089 1974
1046 1109
225 1640
562 242
2000 848
202 1656
200 1058
1480 812
1280 1690
1502 342
686 1705
601 1109
1993 808
577 486
432 1300
1067 1582
1122 57
950 768
1781 925
1372 1400
1795 42
1530 525
1507 807
865 1569
1185 756
297 65
1271 530
1167 1870
969 1397
1115 1222
435 1197
502 204
1816 1269
1315 987
650 1765
946 366
891 430
1553 1798
1121 892
1960 644
1177 235
430 1469
832 200
178 1433
49 1548
324 1487
1583 1862
1471 1355
1316 286
32 561
985 415
1104 1598
1000 723
1595 115
1146 777
1526 244
1691 577
1118 944
1013 1416
507 561
307 207
1685 1994
1473 354
346 1367
1452 1234
1758 523
839 482
1171 955
875 1896
1816 464
1262 1073
651 956
819 769
1483 1981
1658 292
32 1621
37 504
651 138
890 420
107 1206
687 1781
1671 2
1936 1468
136 1678
1430 1596
886 678
865 1824
271 1085
142 1200
1250 1894
1224 710
1346 1602
1814 1707
394 1155
1170 1376
1469 1709
466 1031
254 623
1773 888
1594 657
341 1265
446 564
88 856
1369 1478
1639 1302
708 1961
868 1196
1551 1189
135 113
933 93
964 1429
117 510
1285 1484
227 870
1474 188
1815 252
717 505
572 1319
763 621
1568 1543
864 1427
1848 1826
881 613
1598 1651
194 1861
1687 188
1252 785
1002 85
483 688
952 1661
1852 1423
1201 150
1478 724
430 798
397 621
68 1348
1616 1597
1934 186
1943 1726
57 701
1749 140
980 1615
197 186
1176 278
1611 206
363 1158
1535 1379
57 1640
1810 1318
1631 1841
459 573
576 1158
280 113
1690 849
1420 1025
1253 619
1518 99
957 1752
1667 1390
1176 1567
1365 271
1735 1036
29 881
492 642
1509 1218
1648 330
1593 394
1706 1732
156 427
1897 1034
1102 571
1231 1210
362 532
678 243
659 1
449 1174
1696 492
1682 99
489 758
322 581
743 345
1694 567
398 310
642 707
1271 1632
1197 700
1811 1088
1556 1801
883 998
425 1352
415 664
1139 695
1103 1038
442 1292
1257 687
1157 749
710 60
1537 741
1444 513
668 63
231 1257
348 610
1280 819
1139 1634
1211 985
1736 1624
1070 1763
1039 464
595 487
724 1126
1183 886
646 1701
854 189
1263 357
1662 857
960 585
1197 3
1897 1397
405 1760
1566 1563
384 425
616 1943
1977 868
1039 356
631 302
259 659
228 1309
787 549
730 15
1068 10
467 315
587 1134
1058 719
1892 164
18 159
1695 1276
69 390
1731 704
1261 1758
48 1499
1068 131
1921 47
1766 698
1055 835
1084 75
1404 1477
1888 809
1666 1928
446 498
79 1199
1719 1525
103 1556
1486 240
748 1065
206 745
1405 1069
935 891
491 914
21 965
1652 946
1506 1646
1220 1060
160 1797
91 391
1870 1290
1901 1357
1052 1597
954 1025
1740 1934
30 411
1005 1256
1953 766
103 401
1737 882
634 791
1657 889
614 553
103 1569
1569 22
32 871
1823 1824
1522 435
1391 1184
601 1782
336 50
318 676
912 920
201 1848
791 859
851 910
1403 1423
164 1929
1726 844
487 1387
227 1985
420 579
1855 1668
1292 508
1796 307
127 1754
1522 1724
1508 1826
1255 1380
1717 1411
131 1644
950 515
1111 1372
13 1100
672 507
1914 1201
1714 847
599 931
1741 721
1249 30
447 1328
1703 200
1080 746
686 1344
1573 90
1509 334
633 929
361 241
1350 1738
82 1580
684 1685
1501 1907
1926 393
804 1750
607 418
259 1398
658 1403
1690 796
1559 47
1433 1665
824 352
1703 1489
94 772
1331 1388
245 187
1262 1517
1060 1568
1278 1498
1842 1311
1998 1558
351 61
1199 1619
1643 1330
1431 922
1966 34
1128 921
1037 1291
165 544
464 1106
1395 218
1892 1024
1663 1164
732 1594
668 118
1060 871
1156 1104
798 1396
1777 1451
484 940
608 1235
632 1592
709 1058
1779 1497
143 152
1099 1472
1866 1910
296 596
1497 1518
991 892
1469 1456
522 1353
947 822
1050 1472
876 124
850 889
504 252
1586 1977
1455 245
374 142
1053 696
1152 1870
257 1728
1494 1112
1258 81
788 132
1034 1356
1734 1996
920 1254
686 1841
128 1025
1351 1706
1205 191
186 212
946 1657
794 68
1620 1867
1835 1755
1403 1115
649 1141
310 1446
442 1831
256 392
588 902
1584 1126
281 1913
1177 479
39 808
72 756
932 1614
125 619
1601 1709
1439 1418
652 779
184 1199
741 33
166 1788
1300 1488
1554 587
625 1844
136 633
1705 719
1994 593
98 112
1949 1116
567 1085
880 1545
918 605
355 1431
1616 418
1762 472
1077 369
418 733
738 674
8 569
21 1033
293 1226
160 1865
1727 370
254 746
959 498
1263 680
1753 544
784 911
1107 1830
1701 88
1654 13
869 726
425 978
184 394
350 1329
302 1581
1451 1081
1692 1207
1974 139
626 1907
688 570
208 1919
1178 434
875 396
1221 804
338 1211
706 1378
467 867
1931 671
494 1458
1614 735
1963 1643
110 1761
58 1571
122 832
1653 434
986 385
920 1980
1087 925
1474 1371
1085 98
70 120
1750 488
1454 1621
1471 807
846 755
567 1340
130 1339
1754 1132
520 1753
1287 1629
7 185
1963 488
213 290
608 1048
1033 1749
1960 1614
356 1241
8 1992
894 1856
1007 1733
996 1049
366 653
710 1217
1873 1847
512 478
1365 394
1869 156
360 838
1805 171
863 412
171 1582
1613 1398
245 1302
585 404
1208 1349
1775 908
1732 43
1238 1457
1780 757
718 704
1012 656
358 132
1851 408
815 1539
1854 679
155 712
57 140
1564 580
1712 1269
912 425
1388 354
1558 802
954 1590
1702 1978
1820 1445
578 256
1254 539
569 436
947 1816
1809 1286
329 720
298 1141
521 890
1328 461
1672 5
142 76
491 1950
486 1606
18 40
1308 1943
1189 531
1829 1157
671 834
1235 647
345 1603
873 1988
1248 882
921 487
771 957
84 256
387 28
292 1188
602 1939
1657 1575
1749 1807
804 316
904 25
1332 472
234 954
918 1357
1783 344
1205 367
391 1840
1934 1974
1922 422
203 328
789 1886
1997 1764
995 1725
1419 1235
1309 1363
851 1717
1377 1238
1706 16
398 688
52 280
162 1909
1115 1763
1378 416
1228 886
1686 303
440 1853
1923 1936
1334 1541
1272 434
1763 900
1601 609
197 819
1998 16
526 1260
1615 1941
885 375
446 742
1273 1194
1118 88
1525 1903
1275 974
717 683
378 1217
567 1153
1589 612
964 789
826 1084
1053 80
638 1033
645 1975
177 180
429 401
1779 1123
621 571
1679 1939
153 1220
1032 142
1426 1493
216 522
1861 1192
412 168
558 222
482 641
167 1569
174 296
633 810
1844 205
278 353
1995 374
338 1158
1826 1090
124 1872
1688 1614
1958 1475
673 882
1070 518
994 1728
180 986
1037 112
68 250
1456 1493
255 342
592 1159
1526 1966
1292 1799
542 1338
316 995
1882 1372
1338 454
283 818
190 361
262 466
854 112
177 1819
1273 510
856 1619
474 1288
1504 379
1769 1845
1098 1677
1428 1552
588 1575
1787 1899
1790 1904
1563 693
773 574
348 1593
143 141
1268 287
163 1813
113 6
1261 513
1779 210
488 297
130 589
1554 1260
1217 177
146 304
40 780
1463 583
317 1354
1552 1335
198 1891
1593 1861
1973 1099
445 1768
1300 296
168 965
1237 1179
1956 866
581 1814
46 487
1195 1182
393 531
1484 1581
287 778
1844 810
1090 873
906 298
235 93
1224 1627
1126 301
1014 1817
852 1984
599 1538
602 826
781 1057
829 2000
1006 1404
240 1605
1458 747
1305 1471
59 1072
1903 343
931 1001
1736 1923
1114 1351
1300 309
747 1594
1564 1816
805 1764
471 198
994 239
1345 991
1400 1829
1138 1600
80 986
501 491
420 1549
1177 1528
843 191
1005 24
300 437
202 1097
1550 726
776 1305
100 39
435 517
309 1610
30 697
1210 779
30 468
568 1541
1205 435
1733 820
1853 885
676 91
669 1098
746 1318
1232 1706
859 966
1819 1008
331 1749
1041 1091
631 964
1770 1008
565 869
1103 1713
86 346
1543 965
753 1334
1981 373
1138 916
296 1095
1194 30
1770 1129
1856 1132
1281 672
1544 1311
1218 1784
146 1272
1261 205
1163 1619
956 323
111 2
919 441
38 692
609 1447
1724 1134
454 341
1557 203
1500 1389
1063 1388
533 405
505 572
1300 1035
406 1761
1658 1948
830 1271
1604 665
1169 1262
410 419
1874 260
928 116
1791 491
1414 275
1615 36
1069 277
1475 1682
518 1157
728 1933
17 875
592 1106
528 1579
1752 1438
699 185
84 821
1106 280
1653 678
479 1579
773 1797
133 942
1915 1321
905 1687
1586 624
1269 917
70 364
1004 1171
534 239
835 1399
754 471
1344 1505
205 1986
1301 869
17 1935
337 1122
139 1366
1125 414
1856 1387
467 185
102 1484
568 991
642 940
1841 1264
1034 3
435 1364
1278 629
1667 1636
388 1289
467 1582
167 832
1607 50
1512 1210
251 1994
1006 1338
1781 1334
1294 987
1965 1680
893 414
1722 1922
1457 227
151 1726
1572 931
1732 166
1083 1706
1480 1113
554 1887
153 1543
1235 299
180 1417
83 1484
1375 1999
256 1375
1923 1575
1515 289
460 653
1711 1167
1341 173
205 134
1256 1755
1208 775
1617 1468
908 254
94 266
1916 1801
1207 1341
1573 644
537 1775
327 1965
1992 1796
686 1080
1329 1186
936 474
1134 718
1225 82
1548 1755
1842 1973
1321 315
1532 764
1315 12
1172 192
1502 67
139 803
791 500
1393 834
1439 1704
1322 136
1786 765
681 1537
1980 1799
555 903
1615 654
1522 426
985 487
489 549
1532 885
1747 544
1566 1701
583 1904
1710 891
598 455
214 1283
1609 1482
582 218
1492 668
1805 899
1149 1763
1942 1399
25 795
94 400
992 1550
1233 444
1974 1351
854 1845
1598 542
931 493
31 465
1288 501
902 960
52 295
740 1864
170 516
1070 278
1352 1425
149 1396
1962 1354
1897 730
1678 1366
1757 427
1294 437
1972 86
1576 1318
887 1739
1962 78
26 1410
726 101
1703 83
717 1035
1310 1549
43 1764
908 751
1763 1265
371 1337
1637 668
1310 273
1654 83
878 350
1946 191
153 1114
1113 1156
629 1043
1644 792
694 943
315 358
487 1633
1940 790
1391 1551
1987 84
853 1057
1173 281
290 1883
1140 104
868 1631
1026 985
1678 682
1905 1627
788 1867
1039 1449
860 1218
1760 980
1192 1691
514 581
297 58
691 1934
1224 448
885 753
1236 1505
47 1603
1492 1165
1294 692
1523 515
159 1292
1415 164
833 1465
1518 1339
236 1246
542 535
941 15
1766 623
1661 341
1132 751
712 128
469 141
1680 1522
1986 1040
219 1198
1447 991
1901 932
431 788
1064 472
1788 8
1412 1155
378 669
1119 1576
204 782
651 10
1007 1106
1320 1337
205 189
819 1580
1805 591
1603 1625
154 143
319 210
1000 837
1311 470
1268 1820
545 1425
1097 1938
1811 1281
1962 925
1618 1115
1145 437
892 1011
1912 1104
1506 416
1148 708
110 450
1037 611
369 152
391 1897
520 321
1122 655
1528 1343
1349 1866
186 216
1691 583
760 1242
987 201
314 1384
200 1548
1759 946
88 1078
35 1969
1674 350
1870 1228
865 1938
884 1951
1614 484
939 840
1252 1825
1637 1636
999 1379
997 781
1343 1189
1611 186
1612 1579
1285 430
917 34
1460 1185
1336 1415
486 979
1979 1521
300 331
1655 1131
1462 1002
870 1090
974 918
158 332
82 1276
868 1431
314 579
1122 789
1760 780
282 1041
1276 438
1052 730
724 864
457 520
653 166
37 1920
140 584
1389 500
819 1138
1194 261
1246 451
707 1863
564 94
827 733
107 1346
1719 82
230 1682
1061 1839
808 1393
1152 1203
1897 1845
971 862
916 926
64 1878
752 1498
1246 572
838 1272
605 1973
718 1621
312 933
651 399
1308 403
896 1627
1510 1032
1078 1375
326 50
1083 1453
1535 796
1495 1663
822 631
552 770
378 1637
1517 927
820 1753
295 1868
1671 842
692 292
783 639
1600 144
39 370
1500 465
1615 1206
1069 1676
837 121
1148 508
28 248
1824 791
1891 1784
1218 752
1335 105
607 827
1598 744
23 1072
428 303
187 1180
1331 1797
1480 873
1915 276
399 16
1433 798
187 133
328 257
199 372
782 427
1883 216
1358 1526
334 8
630 824
186 1076
1788 1110
1960 1631
982 983
311 24
1336 1215
969 1458
979 1651
53 668
405 598
1616 222
1740 517
1733 1561
1198 234
1826 1752
167 1184
511 1253
55 219
1733 743
1340 1980
808 1890
50 491
654 1423
1576 944
1944 1865
1214 299
708 1888
1914 939
1528 1169
819 709
745 1955
896 138
727 1120
837 726
1907 936
1673 769
1862 1688
217 1543
81 1911
1232 1292
1108 1485
707 387
1285 135
734 1015
233 733
601 1425
647 1770
599 561
409 666
624 1786
321 1785
1554 1693
847 1831
243 633
535 24
1565 1293
665 1265
663 438
542 148
1091 1144
729 1960
1498 485
1558 1290
933 1201
1222 1075
272 1721
1506 605
871 94
225 1380
1882 1350
108 566
935 1018
942 1960
202 1396
1544 79
66 340
272 674
1339 842
236 751
1920 824
478 513
414 1023
1684 1779
1171 211
1534 788
1902 955
484 1267
1060 380
234 1321
1287 1325
1445 716
1118 92
1598 1483
887 1620
1830 786
1773 252
369 462
1315 606
481 703
150 1098
337 924
1106 203
347 1383
8 1688
376 623
1233 1735
637 398
1199 1599
1455 1030
1233 917
574 1281
778 522
471 1799
125 1391
1831 499
1251 1910
1542 396
227 126
1135 1964
1894 555
1102 1787
1042 1507
123 1237
620 57
1103 965
1280 1564
908 1921
1997 387
1410 627
685 1620
544 183
1791 1487
764 223
1916 435
171 352
1986 679
67 1692
1853 1318
277 1007
1708 671
1357 1905
1725 86
424 1700
687 353
983 1169
1516 1898
432 1295
1762 907
485 1158
557 14
1417 872
1222 633
1158 877
1352 1911
746 1872
424 1592
709 4
1491 1208
1541 1554
400 188
1315 982
1611 1798
231 379
1752 1508
788 1990
755 1813
1474 746
1157 810
1584 877
808 656
862 892
511 140
1784 413
1658 45
271 1885
911 1279
195 843
680 363
845 659
1557 636
1467 1645
1711 285
1799 923
4 1477
1212 1355
1664 698
1576 1817
397 1179
490 1370
1988 41
1274 1223
639 712
384 1883
1487 284
723 1349
1258 424
243 446
363 777
1170 311
994 122
166 1660
708 1714
1083 837
1 1098
682 264
1392 131
1471 424
528 1783
724 1429
1374 757
739 246
1145 668
1432 698
710 484
491 1083
1077 1409
1053 823
695 324
230 490
1204 201
1412 1170
1030 1068
1749 1987
283 1319
195 1206
1043 778
1745 821
57 1501
69 572
289 575
1235 719
316 678
1997 1005
1923 827
992 1486
940 1296
1940 242
114 1217
1554 472
1536 1061
1192 1251
887 386
942 847
1344 73
594 1561
1531 1656
1202 663
1983 1228
412 1032
1723 1826
620 1735
1201 1192
1399 1473
1337 1790
134 795
1745 1063
1695 1471
1681 1536
1970 1410
72 294
497 1786
712 1674
1105 851
1692 153
1523 1364
578 1859
70 1160
1639 492
350 1443
1315 1600
559 799
1345 1479
261 876
388 917
493 216
1042 1441
325 1800
1972 1082
719 1690
1140 1195
1983 423
987 458
952 1898
50 814
535 563
655 628
636 120
1093 1793
864 738
986 1667
1943 1963
497 1210
222 1005
595 1516
130 1453
1066 872
212 997
1261 559
1873 1611
1840 1663
400 1
1709 685
1731 444
67 1518
612 1052
545 1816
1500 1514
553 1640
1310 1619
1181 1734
147 723
429 1870
1690 857
1800 1254
437 1465
444 192
841 1814
177 602
734 1688
1979 1899
704 762
1903 1086
1626 283
962 1057
1858 1838
1044 1850
1782 796
166 1352
548 1188
424 1647
195 1824
1028 593
1480 1922
1139 1629
270 1180
1949 680
1207 43
587 69
272 997
1590 747
1268 467
842 1527
1122 349
1268 1635
996 1176
457 1127
1546 1579
1871 1147
1403 1042
501 416
957 1184
1067 827
1524 514
1911 1448
691 18
252 614
1964 291
2 210
910 62
1077 993
1486 1161
1610 1456
1725 1443
1183 1123
880 1122
498 791
1329 948
403 1951
1199 1104
1319 1923
1842 1964
925 1538
1355 1351
467 660
1417 14
1919 1164
1139 1992
332 206
733 550
404 82
1792 1096
916 1654
1360 419
589 1296
1053 1925
599 1489
943 1299
559 370
989 183
922 193
1369 1636
1395 642
767 1073
1154 1711
511 1376
1730 595
355 311
1204 256
424 1084
1663 312
85 1389
587 553
231 689
1998 1056
666 617
1520 1926
1921 55
1809 1534
174 1323
1681 302
769 1240
688 1544
965 132
813 263
295 1320
1549 1580
756 1715
1795 589
129 1028
1244 715
644 979
1423 717
493 258
975 261
1884 523
444 1039
912 1144
1600 764
277 633
1875 1457
1323 486
1075 613
1240 192
1811 1701
646 207
1967 1460
71 1733
327 1393
1624 828
244 1395
156 1511
834 443
1553 130
1711 487
1423 20
31 1516
1235 1955
292 1328
467 97
1897 842
1791 1355
724 921
820 400
350 222
694 1981
1117 852
282 990
1092 41
154 1973
1625 541
739 448
608 1914
1265 1955
1237 1856
731 35
1821 1355
768 102
928 54
974 170
1352 1550
655 1622
925 1217
1 832
661 878
1796 1712
1488 1330
770 1050
431 1355
24 708
1347 1327
177 1704
1441 437
1465 565
1738 394
967 288
1025 229
25 1054
66 826
1050 1225
403 1643
1616 1902
1745 555
1638 163
1342 1333
1874 1379
810 691
631 231
784 1227
1639 1741
713 758
720 1700
90 1533
95 1648
1700 1199
1471 1339
781 929
729 473
335 317
334 1112
305 182
669 836
939 468
3 783
763 471
1878 158
646 1643
1575 157
1802 1331
468 819
535 1812
1696 1844
225 832
937 1526
671 1821
1875 1028
464 296
158 778
590 435
464 67
512 1010
364 846
1391 1918
140 1138
1334 1118
1786 690
1117 1120
36 263
1722 934
1338 1991
739 1174
247 483
914 1929
735 1469
1084 125
1855 1234
736 610
641 1541
1621 249
781 1292
247 833
192 668
1300 1362
661 1375
1091 1188
623 1083
1664 592
1911 698
491 146
1138 1714
1279 1653
401 1421
1764 944
845 903
955 546
1356 890
1235 829
583 674
634 1888
664 1013
1093 372
1525 783
482 447
248 1034
401 1313
433 33
1436 711
1768 1184
1049 36
202 1332
499 1555
1970 123
703 567
1527 1768
1549 1527
613 1842
243 811
67 97
1368 957
337 1678
1538 614
1235 842
209 446
648 1799
787 157
232 1332
1419 370
567 1322
350 1324
405 1031
1136 18
1721 708
408 511
1215 82
927 1076
1467 37
668 852
1592 1200
733 1210
1536 1305
436 465
1831 435
1442 1148
1090 437
670 1800
274 1571
862 1741
506 645
1901 386
940 614
1549 1890
486 178
1198 909
1204 1626
658 406
1339 1033
1547 1965
652 332
1953 1192
487 524
1383 810
1460 505
622 160
1360 1321
209 1748
1828 1197
539 162
907 63
611 1233
1476 220
1073 1035
1718 1968
11 945
1580 277
231 423
1060 1739
1308 1575
224 6
399 1993
1207 971
379 65
1170 823
1837 320
1775 674
825 1054
1773 564
470 826
1241 703
212 73
712 1113
1216 121
1326 518
796 1521
1083 531
1062 1640
1223 53
457 1008
429 1175
1193 110
56 435
143 323
148 438
1579 856
1498 1160
192 710
1076 1696
976 526
969 1570
1038 1175
635 233
1879 1791
1184 1229
511 197
232 782
650 541
178 1714
1250 765
1151 5
684 1293
328 1429
479 1827
1843 3
1526 296
989 882
1849 1740
1885 1397
372 425
1559 1641
41 554
803 840
1004 601
152 1553
618 1060
1327 1291
1136 528
193 1096
478 262
244 95
719 1142
1690 296
1130 1127
674 847
1066 1600
75 30
419 1789
1155 891
910 306
1156 1530
574 91
1598 185
992 604
159 1835
219 1849
16 1786
169 42
1563 1130
943 1651
494 98
487 1142
1925 1977
1932 704
1918 769
684 1656
1054 435
1452 481
263 616
67 152
1196 1723
896 1431
1374 9
1888 1
676 381
1328 1061
820 1328
111 868
1294 430
1218 1603
1951 1188
332 1510
1314 1836
1176 1606
1503 540
608 856
238 1094
637 1328
320 1621
425 920
1884 417
356 1049
1899 1937
106 874
1298 27
1525 972
1996 594
1524 1013
237 576
1720 659
603 633
976 1144
1265 1018
1884 767
1132 1657
941 1860
65 240
1828 1131
1996 944
1521 1617
1775 487
620 169
229 284
1065 556
485 1967
1720 1948
657 236
870 1283
1422 39
918 1031
329 407
1438 1969
536 1114
1035 569
1138 1448
981 1501
1740 92
1079 575
93 544
874 1109
1552 41
1856 1435
870 1404
1594 1435
129 1406
1304 1861
130 584
646 1632
1945 1140
960 516
380 1927
830 406
47 1717
293 955
334 764
182 1124
1589 165
185 375
1179 1
762 652
1276 873
1926 1921
1077 929
1939 399
1404 1058
1393 640
870 599
641 1530
1209 65
1554 1497
1545 1448
1512 1500
1481 1692
426 824
1376 178
667 1704
390 1130
887 953
1812 974
1063 1115
250 1537
468 942
1323 1456
5 915
1159 1762
1028 1013
183 958
279 1191
235 330
985 1582
818 422
379 1543
389 16
1175 659
172 1967
1887 1161
94 327
610 1412
802 1582
224 1605
1887 343
333 1777
1584 76
668 1767
212 504
1201 15
1624 643
1689 772
197 1098
952 250
298 1675
387 212
1039 892
1154 613
328 800
697 374
1056 1475
8 566
440 977
483 1613
505 1372
174 1272
1497 1891
1526 606
289 1747
58 1326
779 1611
1493 200
550 1788
880 1663
519 223
1372 139
1649 713
840 1069
1910 717
57 1626
910 1542
1447 1252
46 1208
1565 1473
1811 711
892 441
1499 1119
851 1083
786 459
1305 1024
904 680
157 1160
267 1557
1234 326
662 1561
77 642
16 1157
1630 1723
1599 195
155 1501
396 395
1881 1076
1003 807
1739 1895
297 1850
488 1152
307 811
503 1689
1759 1315
904 572
948 90
845 1160
1412 719
1058 221
1847 381
513 1855
277 824
1827 1900
1498 907
483 929
1274 1953
37 1108
1768 273
553 1402
1595 1779
455 49
1417 689
828 1048
26 1363
564 221
1610 37
1460 507
1336 737
334 927
981 509
162 1638
255 405
315 419
538 1925
660 1622
1288 925
885 1969
1016 237
181 833
1857 853
446 121
1210 1271
977 1972
1412 1900
1281 1151
144 1476
763 1454
1176 869
1404 992
411 19
553 597
1167 756
984 820
1586 1908
483 1292
1030 1690
857 715
464 3
1582 1385
684 6
1415 225
603 835
1936 1388
236 1536
380 1995
1448 1570
1866 97
765 79
1179 1116
413 1354
1466 163
943 122
1328 687
31 1023
1803 980
839 1462
224 371
936 348
1285 236
922 184
1622 1578
77 1260
894 1519
1782 1981
617 487
639 1000
1570 112
1150 950
1418 472
684 1416
1928 988
911 412
701 831
71 664
1750 164
1182 646
984 136
1990 1048
1615 1696
1 110
1860 709
1170 262
1541 700
104 962
1114 367
1735 943
312 1665
1874 1812
1246 257
568 1362
76 634
1920 696
1674 1229
1266 1138
247 1950
218 983
1465 301
507 857
906 603
1475 1248
633 444
1529 1750
610 1480
252 981
1404 1489
1928 183
1097 26
1838 1687
551 1021
358 855
1560 1184
1761 420
940 1476
1494 830
960 142
812 1964
411 866
717 909
502 755
1651 1716
290 347
1924 828
1036 137
264 1112
1927 833
1206 319
1503 542
1201 1372
1736 484
1453 1364
1711 1888
185 940
1033 512
152 763
1518 32
587 691
592 1035
1445 951
299 1685
1128 1015
1444 1251
1334 625
819 1199
822 679
352 235
474 1164
1463 446
938 1793
389 568
1602 790
1201 446
1191 1973
1651 682
312 55
1616 1893
1081 566
547 861
394 1585
194 1002
1934 1650
577 474
117 1
1373 1613
206 1470
1450 1042
624 1229
1195 1984
1749 1375
233 1344
185 135
1687 497
1053 1608
833 1339
399 64
1491 33
782 1293
118 81
1487 1082
558 353
1425 167
146 1577
607 1935
1749 1725
371 1695
302 1070
1446 1687
1642 1104
1636 1555
748 864
268 1422
832 1235
1004 295
212 1527
35 433
687 359
1432 1267
762 1930
640 18
779 1345
521 592
1867 1838
745 714
1853 1445
750 1583
1718 1220
1059 352
997 1460
403 950
735 1460
1975 324
1837 390
1632 924
909 529
322 998
1136 1511
255 1762
778 1012
527 1430
7 1660
296 1534
1805 586
1106 814
934 1525
163 187
1259 1810
1863 793
1040 231
992 1237
1382 1392
1303 870
1205 298
1344 642
1239 1114
1982 1387
1958 801
1674 1042
1617 471
1013 1525
1675 1910
326 595
1086 1286
296 1884
1022 1759
542 1122
1884 1266
1297 8
813 1356
534 1712
713 1943
1539 1756
501 1535
1628 522
860 650
220 1781
464 421
1412 1163
457 1428
1216 1251
1448 820
980 1240
1231 822
1334 1472
155 80
864 1294
702 478
1435 63
413 375
487 1307
989 13
457 381
796 1833
1214 360
1083 843
716 1315
1829 404
225 260
84 321
247 1776
952 1299
43 1680
325 612
1075 1598
1727 1524
479 32
1522 368
1353 825
704 379
520 558
444 977
764 955
798 2000
1254 28
1636 884
994 1646
1787 528
1615 1993
1742 1280
1412 1405
128 448
1716 1816
549 212
1483 1056
851 25
8 568
634 27
629 1669
1768 1188
553 102
749 1963
1475 148
1769 366
1910 1537
1397 723
1992 115
1092 87
1928 359
706 317
709 1783
702 612
399 574
135 464
1764 372
860 905
779 1734
1410 783
870 1098
1023 145
1988 531
1884 1871
547 1842
1846 1350
160 1167
17 630
856 153
1535 670
1511 84
950 1737
1794 1833
204 1624
1417 1617
949 51
1112 981
928 1160
427 878
630 1503
578 1047
1875 711
1113 159
1638 798
521 513
1907 434
62 1167
1715 1432
276 867
140 1989
678 352
289 1294
605 1042
385 1527
668 1098
828 1050
1476 1500
280 464
1604 1951
1475 1800
613 115
363 1630
1273 1851
1729 670
1390 1204
255 1575
1027 334
977 1974
58 1704
1615 504
1560 568
577 771
1513 227
229 1522
1428 1846
160 1651
695 1995
1340 1733
1481 689
452 776
507 483
1756 399
751 1109
686 714
1071 296
468 757
996 122
258 947
1271 586
6 1369
1721 1546
436 953
914 1746
143 1603
783 768
874 132
1353 1564
1544 866
1292 1288
14 1839
1638 1403
1242 649
798 1692
1108 420
8 1307
849 1657
1141 1765
248 730
564 707
1392 1118
891 836
65 1023
1610 294
997 1757
1783 451
73 1143
1892 623
1049 1129
185 795
1981 1109
1575 458
350 899
293 328
1807 1747
1795 461
1313 421
711 87
571 1541
1617 1586
820 30
1370 174
1802 585
1012 200
559 1652
36 1382
94 1323
1238 1940
1728 1804
381 333
582 94
1258 377
688 490
196 553
151 1039
1042 1247
1102 1298
1382 1581
1506 1876
797 662
928 1899
628 1378
1292 375
416 1724
1842 1044
185 808
1635 714
962 1897
1757 182
1012 1260
1626 665
459 1313
970 1263
1135 1596
1441 885
756 1011
345 1965
1862 878
265 1447
1665 1761
906 955
1398 1417
1365 1011
926 146
1041 96
1878 1761
436 1679
1941 1292
926 1314
336 51
924 450
1521 440
1483 185
1970 303
1818 663
317 1206
1740 1009
1103 1886
1384 327
1407 1479
1820 894
428 929
1253 783
1877 610
213 452
1230 1028
471 747
1572 499
1312 1097
1420 142
1219 906
1215 1430
1633 1189
1743 1549
1622 1259
498 1752
524 758
14 1410
296 342
260 648
1755 1788
1956 1778
1154 107
863 1392
1842 252
584 745
264 538
937 109
1272 99
101 776
1107 971
534 1338
1451 1498
1727 1847
1510 1095
493 519
286 943
1020 1167
359 1687
1819 1786
582 712
1366 1023
1578 448
160 1477
628 828
882 1876
1193 48
1475 929
1807 1439
1127 1680
296 1523
191 1995
1478 217
210 22
934 1285
466 1934
958 1642
1070 651
717 1287
856 1860
1689 400
1183 1989
1248 923
931 1216
1161 1449
541 1704
350 941
703 305
969 461
661 308
655 1991
1004 418
1193 1337
68 733
95 836
866 713
1068 1113
653 605
322 1000
1896 447
1820 1391
1725 565
562 1655
914 1814
1232 403
1651 1289
980 1121
663 1414
13 780
1357 290
706 1003
77 1438
638 1771
1591 1396
1930 825
395 552
1274 1460
264 1035
1979 458
1356 1233
126 1330
76 1738
1227 1119
1447 1351
1044 180
1988 1217
1071 1774
1038 1597
851 724
1704 640
140 1386
243 804
1065 1407
912 145
707 679
10 1276
1745 119
1504 996
129 1907
1835 1998
1766 178
1191 1667
564 1017
1304 1544
361 163
1460 1303
1694 1241
1377 1534
169 1390
1093 1546
1366 1641
1688 1426
1570 653
364 1107
85 1692
1724 302
1213 1547
1213 1318
1708 1526
149 401
990 1246
637 1616
685 381
769 1543
1280 1493
110 1870
710 145
359 1379
1025 974
470 1395
1736 1709
1399 663
1316 1123
237 635
1018 1200
1742 477
359 332
763 156
849 1162
1845 1652
1249 86
679 687
529 1157
217 104
384 281
1349 1421
623 526
293 651
829 631
77 767
1653 1832
435 1229
1881 1430
162 582
324 1169
1263 334
1325 983
497 1326
1789 1612
896 577
569 182
1255 1678
970 1923
1008 983
1025 169
1854 1714
1276 1737
1859 1792
1858 1833
1965 498
311 1994
1023 739
261 187
1050 347
31 893
185 542
610 48
591 1001
1623 1148
1549 970
850 932
891 704
1438 1102
125 1696
266 652
1935 1908
1124 1208
1504 675
1664 627
1654 619
1489 1040
494 1943
944 459
741 1820
111 1653
216 952
128 1068
1957 1559
1795 1497
952 54
30 267
635 118
1435 925
977 1050
719 1014
266 1712
1453 750
768 647
1867 1787
408 75
1901 1105
488 1761
1684 353
772 1291
1742 1792
1621 1465
881 1692
37 778
1145 718
1305 707
592 771
1351 594
1179 73
435 558
1682 1862
1083 1008
1795 1739
1098 350
1709 238
1285 1408
1089 301
1944 815
1667 12
1321 1590
1560 1872
452 912
1945 1454
1234 130
1936 1634
136 1844
126 1156
1903 1686
64 507
1875 163
1455 772
1854 1272
770 669
56 1851
1544 63
957 495
661 1665
272 429
1065 65
542 24
1925 923
1056 245
543 892
1775 1164
1916 1103
245 969
1804 404
212 792
1721 635
1631 1644
1295 1695
1049 205
825 726
1637 412
1468 1357
1196 669
800 669
1798 1003
1696 1221
502 746
835 138
778 1553
181 1334
664 27
1185 1419
1046 846
338 1025
1100 557
804 1727
427 1740
559 1896
1543 80
929 446
318 558
1634 198
875 1378
1138 31
584 1431
269 107
217 1903
1208 1258
513 733
318 1955
1220 366
452 457
278 341
45 1796
433 1383
734 328
1153 1480
198 1745
965 1658
1834 1841
1956 1538
299 1568
727 554
1835 1248
80 477
1103 1070
532 49
1466 893
1323 1073
394 1576
112 1863
2 5
678 288
392 1917
289 1001
588 1563
1450 1033
1598 1951
192 1334
1873 1661
1914 1662
1649 196
668 1263
1260 909
439 1440
1433 837
798 326
156 593
1333 1158
1298 383
1487 1073
1740 1253
1874 1253
284 1044
55 1184
430 1098
170 1925
1510 1205
1572 622
1950 1248
1198 152
1241 751
90 1178
525 1335
1062 291
692 1512
960 509
1072 1733
1118 1849
1677 1089
1276 745
1613 1562
603 1928
1167 1741
24 1992
277 186
690 1587
631 455
1235 1387
1624 1199
873 742
878 820
1843 977
537 298
1915 99
1151 1918
1732 1146
555 581
450 1053
799 941
11 188
702 1274
1748 1090
1861 738
775 1752
1153 917
1786 335
1536 1850
827 1161
574 715
522 296
1740 1616
1134 1806
1087 1465
1677 513
63 1933
1565 43
1171 1873
1780 1163
1962 911
1833 1026
1549 1267
501 358
568 119
48 1544
1052 1629
818 1462
405 1818
1351 1925
417 889
1179 1175
1776 1165
117 368
1390 1624
221 425
716 367
881 700
1767 564
585 1641
1287 1122
1903 1391
1515 1511
811 146
212 1544
360 210
248 1955
1017 251
249 379
1123 1172
462 1655
591 1311
1282 1165
1881 1753
1583 110
845 898
1870 1335
846 1537
452 149
1732 1401
1670 523
572 251
1520 1747
1432 1863
1255 15
79 318
839 1763
271 259
1448 824
613 1945
36 621
1832 935
1147 832
1259 1827
1047 1419
133 1722
1353 937
1635 1818
434 667
301 1306
1368 13
745 34
315 975
518 1829
640 506
468 22
896 203
923 831
395 446
1499 1930
1086 1532
107 1211
733 1902
1765 1820
1400 1133
168 632
1900 1456
632 1032
912 1086
1782 417
1608 1055
568 724
575 1666
122 1869
791 1964
627 1304
1818 1538
1080 791
75 1501
49 280
1262 502
1678 1649
1800 1346
1585 1421
577 170
204 339
978 1911
28 113
1461 604
1946 124
960 93
1333 1092
1104 1269
1310 1603
1422 1844
718 1728
658 1677
1210 204
1463 384
1821 129
1950 243
175 1974
813 1965
1921 481
1974 1539
1869 25
229 224
1664 1313
1805 269
887 638
1897 1026
773 1785
1673 1547
336 1518
778 1863
744 818
196 1215
1965 1426
506 1929
1519 1080
1980 243
908 926
569 1231
1682 320
211 1523
1159 279
1871 1010
637 1860
76 1298
131 1005
277 1059
1280 1737
292 1862
1825 1308
1164 1791
326 1217
1601 102
1160 625
110 1067
1486 795
553 590
1594 328
799 1814
1265 1321
1805 511
590 1640
485 163
535 1741
626 1105
1046 230
963 690
1622 1558
1728 264
976 400
814 338
1046 1627
705 1334
262 764
164 1424
926 1747
671 703
585 1454
1421 1689
1159 1689
529 1293
1840 855
286 74
984 116
165 1999
1734 873
823 693
733 1473
598 1248
166 1362
1470 1968
188 1121
333 307
1220 1268
1808 1209
144 785
329 1999
354 780
1720 49
734 1001
283 311
389 1232
205 1411
1499 575
492 421
1510 1636
1288 1523
1396 73
1318 648
1910 294
1607 522
1834 1467
1673 58
1048 1174
642 257
513 372
1488 1180
1126 1767
1809 1760
735 1882
1321 1942
939 894
1899 1690
1303 353
1004 1777
998 1703
525 1779
955 838
31 224
1419 1467
1787 1634
1856 1993
1950 1103
367 1607
1566 1931
945 1318
1053 1117
43 692
1686 764
633 1726
153 1089
342 1025
817 86
22 1572
758 674
1183 1375
859 1251
1750 1459
243 753
1137 441
316 743
954 1488
405 263
1764 310
1141 1085
1738 1075
1311 1008
960 256
1624 1993
36 1857
607 626
1660 1421
1854 469
677 1890
1181 1423
314 1572
2 1980
1208 1260
1235 1134
642 1788
1416 1411
437 336
831 492
1270 1128
146 389
1998 369
248 171
1700 941
987 739
1391 600
1341 1008
1589 844
1019 957
775 102
71 1972
1475 1496
1473 898
1542 503
406 1696
576 387
786 1917
1710 87
1023 1601
932 988
1401 1961
1820 1127
903 1455
1159 1381
1880 1666
627 325
1579 1940
1395 1365
1166 1276
1541 1190
101 1706
486 1517
1950 1358
1153 556
898 1727
277 1114
1531 1374
1641 1771
1943 1089
210 1060
1495 670
1743 506
645 234
970 1980
266 1635
722 454
791 59
651 1971
899 1807
1294 1848
1194 678
1767 82
1987 85
347 1745
172 1478
204 1696
462 234
1723 1207
1323 270
1132 739
929 114
922 1158
879 293
245 650
365 1469
461 1702
1944 1785
886 188
1419 917
975 1923
244 950
603 65
1243 691
1669 799
795 1992
605 1343
1171 1983
1868 1682
1855 400
1944 1906
421 475
1209 1228
1747 345
513 1232
967 648
1571 1580
1586 1151
836 1885
675 476
1122 1690
1791 802
1464 407
1754 1674
797 358
692 830
893 591
1419 112
94 1369
1054 1411
362 137
112 1423
1411 1685
1413 68
721 484
810 4
581 181
1102 1344
6 1670
101 1264
1790 1452
126 274
1022 826
1187 664
660 181
1343 1177
1243 1993
232 148
388 661
598 1437
1054 256
1792 222
1520 1978
859 17
1294 1406
1750 225
2 625
1810 239
184 373
743 71
163 1482
894 1472
376 543
1054 1424
1756 942
1599 1224
1181 1236
503 1321
1411 1698
1661 1055
1446 1130
668 836
1573 942
1346 1717
117 733
544 800
1469 67
226 1134
386 857
897 1598
1991 408
943 1714
420 1673
637 210
525 1955
1044 305
490 685
834 495
1964 948
701 1134
1272 1889
1017 845
1065 364
411 1035
259 1432
147 696
1047 495
1162 970
265 688
1015 957
1037 1204
999 912
1348 837
207 1686
1893 371
1881 1071
747 1142
1144 778
915 955
1249 77
1779 1060
858 155
717 970
840 1306
1867 355
137 1334
782 52
40 1401
594 755
859 272
387 691
1295 1068
1271 445
1687 1592
1176 622
689 1029
83 1448
1432 1073
1664 376
1318 1200
1557 1482
227 409
1582 1246
1730 1144
1914 1490
1034 1148
607 815
1901 733
75 1974
1868 327
307 1048
601 1266
515 997
675 986
351 337
1189 1436
924 1690
863 1680
104 1399
1900 1713
308 640
480 1915
593 1038
493 1854
742 343
1215 792
73 773
176 1689
86 712
1228 502
1751 277
605 1048
1186 1259
1551 1680
288 1866
789 576
1307 273
936 1269
141 769
1094 394
1278 969
151 1716
1465 41
1093 169
1874 505
241 1875
1447 926
1748 100
337 1354
540 1942
1961 1147
1258 1404
974 1645
1190 223
440 1711
379 1701
231 783
680 646
1430 1632
1545 1619
843 115
392 1411
289 495
1927 223
221 1529
773 56
1891 1209
93 31
621 187
275 1765
1725 1671
478 138
1257 105
455 649
1283 1060
359 712
555 1001
1331 1222
1737 1681
704 77
351 713
1134 1876
327 90
492 423
1015 1696
1369 696
1255 1119
162 1191
492 1362
354 1132
1135 1697
56 1963
773 69
1100 198
432 1725
1380 1235
695 378
160 1791
904 488
64 511
1177 1586
1106 1117
1832 763
818 1882
1912 463
914 129
1846 109
1922 656
24 331
927 1825
844 70
1054 1600
486 96
1477 242
1800 1161
322 1422
341 1435
248 1207
1726 946
1911 1931
1217 22
134 849
1230 1718
1204 497
1348 1939
1967 1459
1296 1254
224 742
701 1310
1056 491
624 43
199 1099
1019 609
974 1324
821 853
1013 1023
1610 784
1422 962
1838 877
1241 392
1208 215
1145 1327
166 1043
176 1502
1043 1087
275 1215
431 1691
68 1639
1905 1725
1805 326
1144 846
896 744
1042 798
627 327
18 1000
1181 1667
121 1687
866 343
513 979
1079 1619
1719 259
1555 565
271 1860
885 1790
1652 1437
41 351
1789 1900
356 1180
1049 1632
467 459
1663 1266
1818 911
436 880
1604 1891
1002 1557
83 1287
700 172
691 1106
1620 1606
1964 1379
1902 501
1637 1021
1666 1951
1623 1086
1981 565
552 947
1916 1833
1928 904
1040 213
17 1054
189 77
617 524
1646 962
1023 1737
689 400
1434 517
914 747
558 1637
778 886
1177 1386
163 61
70 1819
1933 1140
832 1122
627 461
482 1238
1251 288
327 1889
1009 1923
773 929
1506 514
1978 738
1735 751
231 1777
379 480
1826 869
1251 409
1920 504
1297 1279
261 1656
321 1707
1338 822
456 848
201 824
1402 1746
1168 1808
1178 52
1171 1059
1577 286
1649 1623
181 91
1065 111
1013 1641
1617 358
343 126
295 1132
1296 946
1977 112
1629 863
113 603
457 376
1142 250
1251 651
587 1425
1968 1460
880 1647
87 550
1773 992
1208 954
249 1780
170 1258
1183 372
691 435
463 1480
1915 1984
1786 1870
198 273
1280 1244
449 1841
461 912
1789 1121
1768 244
1583 464
88 1081
1160 132
1163 1827
156 1444
579 1547
173 859
1644 1642
472 1421
1503 471
508 620
415 392
1815 706
908 1493
1756 1065
479 1316
1900 521
1124 825
255 376
725 325
1877 537
660 1364
622 843
264 344
599 1088
1970 472
423 862
161 862
1384 1543
400 915
928 1263
250 153
1977 367
1632 598
1570 1706
1859 1543
367 1906
1105 852
387 572
36 1806
146 217
550 41
326 1087
563 505
1146 560
442 215
591 981
1066 42
1931 1015
1074 1623
716 1915
7 1455
865 1257
851 1322
949 396
460 1437
1356 1723
1000 398
547 1850
811 1105
1902 206
322 685
1540 1251
1177 1199
1151 1964
767 806
1276 683
689 1152
1936 204
761 237
1975 132
34 403
1655 679
1839 271
1741 1951
574 1808
156 1820
610 41
1479 1685
1346 109
1072 1792
810 1792
1479 867
1983 666
1745 1777
487 1812
631 514
461 591
563 1807
1285 220
927 512
566 1058
392 1171
337 1235
1431 45
1148 1908
157 1533
1275 700
301 760
190 892
1668 402
107 1123
1762 266
1048 694
1134 697
160 720
110 145
1312 703
389 994
81 612
1681 48
466 1177
1553 802
1912 1378
630 1056
869 1338
757 831
1474 923
1759 1809
774 1185
507 841
554 135
1354 942
220 784
958 1945
1295 1567
772 1526
1226 1696
352 903
235 1321
226 1767
1919 1165
687 664
938 246
742 600
1137 1358
914 1057
1430 1876
929 1594
1223 1812
626 1593
834 310
173 564
456 98
461 967
1221 1887
1274 1750
1267 542
354 1255
1180 1068
689 1999
1701 16
1045 614
1929 1866
659 1073
162 38
1685 422
1440 591
1194 1124
1932 1053
977 601
471 729
270 739
712 1609
371 1316
1923 1004
1556 1476
945 1551
1664 1009
1564 1071
1546 199
1174 593
1520 1001
1069 311
413 909
197 1284
453 1210
692 1263
1167 324
1589 956
768 1487
632 165
871 447
1865 1534
640 1975
1858 363
608 976
475 1386
991 1680
757 281
855 853
1266 1619
1388 1316
1190 843
820 1798
1317 389
570 1623
67 514
607 1919
569 1398
666 284
545 1980
1099 1334
1355 1031
1833 1824
1458 486
744 877
1874 1367
1626 1265
848 971
1591 1015
718 861
558 1397
974 521
1662 895
181 656
1338 1737
350 1862
1735 619
1661 441
1509 801
466 761
452 826
271 1983
727 802
123 1590
164 1591
1496 1801
138 407
1325 1394
1084 810
1133 406
954 929
751 112
97 1308
1602 1150
392 179
1851 1854
629 351
1160 1973
1569 1912
547 992
1994 1381
1976 1741
405 1811
6 1311
1511 1907
828 187
879 647
187 1588
1906 221
1384 1048
162 1006
568 233
1726 519
29 1645
702 233
1949 39
292 69
1240 811
718 177
319 431
1375 181
740 1656
1197 1343
1479 1995
1372 1869
408 365
124 606
408 136
716 252
977 293
1376 527
82 1134
331 1838
40 1137
287 1014
1056 293
407 1833
1217 655
1387 1332
575 1417
1196 1764
929 1420
108 490
1761 230
30 799
871 1186
1700 516
1820 810
545 1659
1474 173
1620 227
374 1777
876 483
772 1823
619 561
1904 925
121 321
661 1726
7 973
683 1256
139 863
1914 300
983 959
759 1480
1480 1765
542 1253
1261 186
43 1569
1655 76
1137 379
1777 1005
1689 1121
1047 1654
675 1782
871 1428
131 864
1442 197
733 969
1961 762
1056 427
833 89
575 1551
1597 256
504 1082
1920 1929
1696 235
388 907
1277 251
766 1267
537 212
1103 889
67 1495
1737 1175
815 1388
1090 1364
1983 184
103 1862
839 964
173 1103
1895 1468
1981 488
1413 1724
1261 1596
1641 1588
1792 1986
1737 1296
1950 357
1031 87
300 1854
1387 1708
943 1960
1908 885
1981 609
656 1903
1031 1026
828 926
585 1205
308 402
1082 25
916 221
1327 1024
329 690
847 387
784 1499
1274 1134
1929 311
213 1683
780 747
1437 1771
608 226
563 749
816 175
1115 1491
1541 1599
393 1506
1320 1142
408 57
1435 1617
1532 732
1017 57
1538 1449
30 1309
47 724
19 891
614 283
1860 453
345 1586
915 167
323 255
715 1762
235 142
1606 1970
1501 227
1026 1166
580 1574
1296 761
79 1063
1538 523
1755 1046
189 1194
1976 1688
1208 1816
1292 238
1555 1106
617 594
1403 1503
1594 576
1294 55
387 1300
1865 1039
1937 915
1238 877
445 1012
637 1182
1829 564
1000 1005
258 368
1920 453
1056 119
913 1531
1739 1344
814 1754
1449 50
671 951
1237 1591
222 1613
970 1247
874 492
172 974
1570 461
1833 1100
1542 362
1311 1927
549 143
1682 113
701 1180
730 1652
1444 995
749 1665
1239 1529
303 1844
130 1364
605 1657
1386 7
1833 1450
776 1475
1079 1247
776 1246
1782 1404
1918 999
796 141
428 1960
846 1719
782 1963
1684 2000
249 682
1030 1247
1095 1376
1437 1342
1212 729
1905 427
253 1555
1060 372
972 259
1426 429
311 513
1918 891
1332 1999
198 572
79 392
1390 1940
454 269
746 1609
955 1194
1376 729
99 980
1513 963
1499 1065
1060 1661
943 1076
984 619
473 403
1672 727
1763 320
1171 445
336 1566
255 446
1943 961
1215 488
1318 1138
883 1964
263 41
221 44
632 1335
1294 1720
1029 217
338 336
1349 1363
762 1795
1638 971
1125 1618
1668 325
565 234
1227 619
360 768
1505 38
1448 1490
1372 448
310 358
1908 953
944 1435
1938 307
200 1166
1277 561
1566 435
7 1754
1557 615
254 1631
841 933
1207 1027
413 1395
1003 177
1271 1914
352 1644
1119 1328
384 1633
243 425
1148 568
318 1279
1777 739
242 466
846 1398
574 939
39 1598
1670 384
799 1057
9 1692
539 689
1932 1552
1894 1260
889 987
1309 112
959 228
1015 574
1236 1970
1814 1681
1817 1198
1720 1265
268 495
402 1478
254 597
235 318
1147 1632
1730 1687
1757 100
740 719
1077 112
1806 1453
1047 1401
971 359
1750 97
1478 1624
1003 311
163 1354
1214 1514
341 1131
1380 234
124 608
960 1109
531 474
923 1752
1767 1848
535 1347
1380 1173
1023 118
293 272
227 1904
1593 1173
1875 105
824 1076
1500 1359
77 1327
1902 1110
1616 753
1205 1707
84 1717
528 1199
3 560
650 142
1001 1648
1999 1982
507 93
1503 583
1660 301
1178 527
625 85
1996 1684
1922 715
780 373
1879 1513
532 796
236 1966
230 1892
306 453
1512 1756
445 1551
1909 1392
858 966
1859 1534
424 216
274 1669
351 906
1674 1525
1185 543
700 794
1247 1421
1919 538
1320 1936
1784 313
316 1033
316 804
190 399
1200 558
1212 1844
369 401
1724 1467
1412 1646
1670 184
1386 425
1090 1595
1515 1064
703 920
457 1911
95 512
1093 846
649 1852
102 1225
1483 1297
793 1079
349 1331
1056 1718
1739 957
1689 1136
469 1921
757 338
1303 777
1236 1541
1578 487
475 625
335 1288
1792 712
706 1726
744 1981
1575 189
102 528
1100 862
1328 1251
913 218
82 586
1496 798
90 181
721 1216
1542 685
707 1281
784 1272
68 1819
842 459
539 1441
1368 734
1624 202
846 1332
1831 909
1610 1435
796 464
329 1981
1941 1720
1163 1389
1262 873
909 1509
957 237
117 526
673 249
1237 291
1937 1951
1803 968
1469 1617
884 698
613 1632
692 1925
1786 735
869 1329
867 465
1655 1972
1140 1792
473 834
849 596
1822 1331
621 180
1975 378
1196 411
1228 858
1990 915
992 352
1998 1035
891 943
1120 537
268 1718
1579 1088
742 591
35 729
1597 1105
1117 468
389 998
1755 230
1834 523
1175 1641
208 657
1235 1921
89 1194
135 1081
959 67
1659 936
7 1835
1741 1500
1151 237
280 1176
1808 278
1979 1557
1964 525
341 368
821 1759
1146 1061
1490 871
879 717
1157 173
1785 230
1828 866
1825 43
10 1436
285 1146
1897 1868
484 309
614 1587
1378 522
712 661
1825 982
768 1007
1955 45
730 486
662 1483
1160 1238
1003 729
1724 1051
1636 938
1930 1119
204 1315
1066 785
730 607
776 1477
578 967
657 1260
860 1885
1293 949
881 1944
795 443
1636 1288
1555 1363
1610 1824
1119 15
1110 949
57 1911
1380 315
817 1370
1204 1550
1087 736
1298 1185
1489 487
1719 1178
1853 1407
1440 1534
1298 367
818 962
374 1968
1962 1350
662 1617
1398 490
1866 595
1002 261
413 95
370 1445
1815 1007
1273 724
1693 1835
1975 767
552 927
1424 893
1025 1147
1718 845
1222 1661
1764 1715
587 1150
594 1863
1848 137
1025 100
1701 383
832 1920
178 1396
1396 1733
678 1453
1273 845
1285 1902
1354 275
1409 211
1995 1998
493 1673
1422 150
954 570
1497 1492
60 1525
1531 93
490 1109
1388 273
1314 95
1795 368
967 1677
1464 39
37 1514
1723 1431
1546 566
1823 1140
1898 1957
531 1268
70 644
1458 1887
1767 198
1626 222
621 932
965 742
1374 1435
1367 456
1754 1656
947 1856
312 1345
1387 142
1165 1261
1564 741
260 889
356 597
1655 630
1386 1903
1606 1677
113 583
1467 1976
911 334
1711 158
460 1630
444 831
1779 787
848 1446
824 594
1582 1670
1133 1578
171 709
1654 792
680 815
1962 908
1261 43
1357 276
1971 1896
1582 623
923 1741
1534 1629
1131 1919
508 479
740 1768
642 1233
1638 1686
184 355
834 1403
741 946
64 438
1538 701
37 1998
443 471
529 1706
238 1005
329 1123
1709 290
1707 1678
1290 343
1942 269
607 84
1722 1986
1909 92
75 1472
1451 705
1507 1280
619 552
1837 1909
333 720
1818 1401
625 74
64 1727
740 1781
208 954
1125 131
605 1822
1192 1124
82 320
243 682
1674 575
1490 1986
1395 1160
1815 1517
1324 462
221 1832
1066 1658
656 1760
1261 1116
894 1817
901 544
990 64
1315 1581
1413 655
1855 771
96 790
779 783
555 1075
385 1152
302 629
959 1653
587 1781
649 444
77 1450
963 82
1656 1995
1394 534
363 1255
1445 765
1404 727
1185 1363
517 904
161 1794
1907 530
1819 417
1413 1715
1158 671
922 1892
230 847
218 1281
1360 1071
364 1335
790 918
1865 1472
1390 1179
581 552
18 1866
969 139
1595 830
1378 832
1851 490
736 1099
118 232
259 1440
159 41
1067 1842
14 1343
1263 1259
1044 434
151 1348
1570 1941
431 1631
904 1851
251 1966
593 912
531 34
424 1857
1484 1608
1069 612
1220 1010
1326 1436
818 212
288 1969
735 443
1344 1719
413 163
855 1033
60 533
1536 1660
344 63
407 119
1659 1501
494 761
1242 395
1178 905
1436 1200
1480 1206
875 1806
563 982
857 934
1464 1383
507 821
823 569
31 74
870 1812
247 638
1092 464
856 1914
1480 51
318 289
1465 157
720 1989
1823 390
402 1185
1327 452
723 1277
1144 1270
349 770
645 1586
707 478
222 1483
1169 1034
1897 1507
823 1629
916 588
902 461
114 903
272 294
318 410
1777 1856
345 772
1446 1985
217 1526
34 1819
280 1057
1548 1740
923 1917
1501 1628
4 1647
602 290
287 952
1183 1238
6 444
4 600
933 1063
1408 1356
1478 863
478 1422
612 1422
820 368
1102 1286
1225 1356
24 205
1686 519
1073 1982
507 1076
1766 219
312 608
1884 1443
1313 422
1440 234
1395 986
1273 1289
459 1301
1849 1156
1063 247
801 247
1014 1523
912 1246
186 388
941 1947
523 1959
5 47
438 1592
1973 1636
1694 235
56 1032
675 781
1843 1755
1774 1921
1462 114
1505 713
1916 284
962 959
1454 1421
1514 1472
543 1012
1477 358
888 1949
199 155
1377 1359
150 1202
1191 903
530 1423
1418 1885
1154 1021
1109 1773
1436 1939
1362 1990
718 1888
1007 1533
1096 787
163 848
65 1508
1584 1773
780 1719
1850 1929
150 1323
470 510
1633 1177
1545 1293
1244 133
72 1632
1187 1319
1875 1693
421 325
34 1148
235 872
395 861
207 1039
651 558
398 341
260 636
1992 1460
335 1224
434 1203
1074 1563
1227 610
693 905
232 1513
858 218
692 680
1046 1437
810 443
22 885
419 521
847 1493
1279 1150
1014 1670
1053 1598
576 1673
607 986
1777 609
660 849
1336 903
233 287
1592 563
1557 1545
1352 847
34 343
1732 85
1589 265
1842 482
331 529
1403 31
715 411
1389 96
706 857
1332 1548
1845 901
100 1047
752 744
136 475
1844 676
1667 1797
273 480
1945 1482
1367 1276
441 293
1480 1153
1788 1269
1387 962
695 1112
700 1456
1111 1027
397 223
803 645
1845 1251
981 917
1834 109
937 352
1931 1439
1623 1094
821 406
1194 688
17 123
327 837
1558 147
1040 450
362 1289
1136 683
730 1227
1031 401
102 1887
671 1815
171 940
112 1528
1279 1405
790 423
1540 1675
656 231
630 1225
1526 1511
53 1887
1010 1631
776 232
808 184
610 465
830 1929
715 1942
1350 9
219 1775
947 1053
287 1946
309 1705
1520 1854
897 643
1750 330
1158 418
1218 469
232 1192
1187 890
786 317
1785 287
1377 233
459 1356
603 546
1833 220
1115 1926
1225 1532
1588 1355
34 840
586 1545
1596 1704
1928 228
1456 1401
411 1958
1538 945
51 1386
207 1899
1310 300
1289 1409
1697 480
993 364
1490 1170
717 954
32 97
1157 243
1250 1188
1697 1648
1124 820
155 204
1183 609
1329 434
1270 1288
1260 600
67 1488
26 1450
1022 957
695 562
218 1391
1154 847
445 387
1809 1007
355 1662
1979 701
1562 1581
822 1771
1681 1532
987 1838
1333 31
1596 899
1233 847
1253 1994
539 1190
1525 201
1793 1184
1766 300
1958 470
308 1442
1803 596
1445 888
645 44
1910 722
371 1727
1541 1350
142 1904
691 685
876 1899
1500 1726
593 793
1720 1766
438 1902
1888 1579
1690 840
129 1561
1594 314
156 876
51 594
1119 435
212 1222
1256 440
1667 1960
1698 1310
650 401
1732 140
335 1292
1362 1361
374 1220
1217 219
303 293
1273 794
1990 1832
161 1112
653 1803
505 922
118 476
1243 622
354 1692
674 1862
423 65
306 712
1183 985
1118 627
1883 430
761 1521
642 109
1411 1374
595 1983
800 1220
48 1356
1235 394
118 368
329 817
217 347
1497 1791
1373 35
459 109
1326 1680
794 99
560 1918
389 50
339 192
289 600
427 1244
1185 105
610 399
999 1406
658 1113
1981 978
1270 1906
1483 967
296 1700
1201 1806
688 238
34 1700
1906 1329
1083 767
986 1329
1867 849
1029 1699
996 1522
941 1586
619 1306
1145 827
775 1819
1045 1414
119 431
530 1988
1786 860
857 131
1641 213
1777 1040
1383 1409
1854 1260
973 1511
954 1232
1224 864
1830 408
615 1537
1258 1643
893 993
1122 587
810 995
1670 1853
369 1252
1936 1972
78 551
1917 1730
1659 1169
1380 293
855 1411
1221 714
842 129
541 955
897 590
1869 1689
1977 1451
604 1011
225 426
731 823
287 1075
970 314
37 900
1530 1176
1122 1876
893 67
1378 1573
273 93
37 82
1947 1464
553 147
489 657
134 954
1881 63
521 316
397 775
1488 1300
1257 1404
283 673
992 1887
1475 543
881 70
1249 8
1822 1590
1746 814
827 773
1248 537
150 265
828 1900
1941 235
79 1553
1354 1192
1479 1601
1236 419
422 1892
301 1373
1476 1303
977 1656
1978 238
433 1263
1945 61
1388 961
1732 771
1652 482
155 501
279 796
1929 1056
1696 525
1135 1949
336 512
904 1787
1998 597
891 276
156 810
1183 1845
804 1031
1609 1953
698 83
555 1495
734 1726
1554 1236
1838 766
565 227
1767 297
119 1867
1509 1722
934 1262
901 1085
120 1274
815 1799
1694 721
197 474
367 1151
381 1049
1327 1193
1533 1069
1125 1732
1892 184
925 395
1183 919
1293 1316
759 857
100 1975
836 811
1900 718
1518 616
866 690
358 1452
1342 390
337 346
1400 1563
1649 318
1595 1250
678 1578
1784 1674
187 523
1615 670
1837 1537
455 1506
185 1645
646 808
529 1455
534 1570
226 1454
1522 213
653 1750
49 818
604 811
81 541
1748 1199
1679 1365
416 1285
1792 1013
1833 785
439 1683
1036 1673
427 131
406 1240
1760 1209
490 416
1341 1491
173 251
1351 1684
872 1686
354 1989
1044 975
469 478
1885 1325
126 1078
1521 1048
1168 1684
1722 809
1897 1564
536 424
164 552
1653 157
1437 798
1094 1856
1834 1400
528 950
455 1640
1866 157
532 1594
1275 884
1832 1970
989 1281
1514 1166
710 1866
1023 111
942 940
800 1759
394 317
1933 1500
274 1191
1388 882
1567 1113
677 1810
1396 477
1919 518
1850 684
761 1952
931 414
659 1941
1230 710
523 848
917 250
447 72
233 1015
762 83
727 1294
586 1318
1186 1808
1568 1644
1311 2
1555 362
1391 1459
1952 1755
240 1849
317 83
463 1369
1442 192
777 1236
1823 1052
801 1364
1711 1814
1728 1983
1573 123
1019 769
1702 762
439 194
979 1370
1517 1948
1381 1121
1713 1594
1059 1070
557 1906
1859 1648
1078 1349
1604 641
536 1029
1580 18
1301 603
1160 1418
654 792
34 1084
1302 1996
712 733
629 964
660 314
1136 243
1659 1250
585 140
1779 120
705 959
178 1442
1224 1295
198 633
874 916
1844 1417
729 269
1245 1354
72 642
416 1206
1183 853
1744 1186
1711 1009
653 395
1511 426
1533 185
673 1276
1894 1884
443 33
1654 1643
1601 319
556 1896
1067 1846
1366 718
851 501
1331 1892
737 1153
291 1103
22 124
1505 1964
1338 1787
211 585
1589 1369
766 578
556 1788
991 925
261 1574
1498 204
736 406
1859 1903
448 1171
749 116
1296 514
1204 1154
65 652
619 6
1229 689
1894 1079
760 1150
720 1980
1143 622
859 863
790 9
1631 1379
588 1043
1209 1390
493 1974
1355 1444
321 470
154 293
302 191
1508 262
85 193
826 1625
1860 1616
1035 1210
703 471
985 1389
708 586
341 1287
1463 1916
874 1521
263 1633
1993 1098
1468 1213
243 1654
229 1756
1287 118
1497 1685
700 587
1784 924
1407 974
446 707
1819 918
597 1105
881 635
1404 410
1352 220
643 992
1978 682
1183 182
1047 1341
116 14
245 1885
1341 1559
630 6
1285 1627
879 939
1128 1680
1715 982
1393 931
469 546
1890 1737
1662 1321
1758 1029
1605 521
643 1113
1441 1093
1904 854
1575 1847
1408 650
1924 1735
1036 1044
1757 1329
1361 1100
1870 452
289 1783
1137 1355
710 1813
560 297
307 376
1248 176
1124 635
260 264
1698 870
1994 1686
574 1363
1586 171
980 590
218 38
1615 872
211 1311
1484 123
999 1771
508 1719
1762 518
628 552
693 1701
1982 521
110 626
1553 344
1442 18
1653 696
360 1676
1777 1405
1746 1863
674 1314
99 1083
1694 1407
1398 362
546 1543
28 385
1771 1627
893 1358
34 1139
1278 1465
1777 129
1135 891
1023 421
209 1894
71 1960
1633 350
923 190
596 1781
699 445
1750 642
659 1312
1091 1723
798 195
786 858
130 1493
1766 357
1678 1705
1217 1081
1843 1772
1562 1759
1378 1938
3 863
132 1502
1326 1253
794 1658
1716 1408
959 1954
1119 1189
897 847
1580 86
1807 1297
1273 838
227 1510
1441 422
1236 1710
379 103
767 1905
624 1102
875 684
708 278
1377 1834
1993 1837
30 1117
167 863
728 1159
549 1682
1275 1557
166 1392
1575 1297
570 1741
1540 27
671 1564
958 803
1166 1506
1245 604
663 1151
1009 1559
1759 559
1679 78
1203 1546
1153 1954
1497 1498
1980 420
1013 1385
1703 1603
660 1792
1458 1772
1334 1211
186 1118
1509 1737
1591 86
390 1113
204 1926
345 1636
1044 856
235 192
1353 1611
766 1814
1442 865
690 1001
1574 1021
1899 323
1429 1340
427 1301
1168 747
1001 341
1498 393
1892 549
152 315
1592 1748
594 1414
1686 1612
1178 159
617 1812
443 464
1298 978
687 595
860 523
1128 1506
1613 989
1730 1574
28 895
1368 929
473 1245
1455 817
56 1896
446 1822
347 1291
1469 1920
1377 345
816 1998
1630 1464
1100 481
1802 753
893 1171
907 840
1433 398
282 788
1202 1926
1605 1407
1160 468
1473 699
303 1076
994 701
297 544
727 357
345 26
646 1186
988 132
933 196
299 324
379 24
1817 630
802 652
458 88
313 1656
1763 1296
276 1774
1990 63
400 83
1344 1120
1540 766
